iter0: [257 258 258 258 258 258 258 258 258 258 258 258 258 258 258 258 258 258 258 256 258]
iter1: [257 258 258 258 258 258 258 258 258 258 258 136 258 258 258 258 258 258 258 256 258]
iter2: [257 258 258 258 258 258 258 258 258 258 258 136 258 258 258 258 258 258 258 256 256]
iter3: [257 258 258 258 258 258 258 258 258 124 258 136 258 258 258 258 258 258 258 256 256]
iter4: [257 258 258  18 258 258 258 258 120 124 258 136 258 258 258 258 258 258 258 256 256]
iter5: [257 258   6  18 258  35 258 258 120 124 258 136 258 258 258 188 258 258 258 256 256]
iter6: [257 258   6  18 258  35 258 258 120 124 258 136 258 258 258 188 258 256 256 256 256]
iter7: [257 258   6  18 258  35  44 258 120 124 131 136 258 176 258 188 258 256 256 256 256]
iter8: [257 258   6  18  19  35  44  66 120 124 131 136 174 176 258 188 258 256 256 256 256]
iter9: [257   4   6  18  19  35  44  66 120 124 131 136 174 176 184 188 212 256 256 256 256]
