iter0: [257 258 258 258 258 258 258 258 258 258 258 258 258 258 258 258 258 258 258 256 258]
iter1: [257 258 258 258 258 258 258 258 258 258 258 258 258 258 258 258 256 258 258 256 258]
iter2: [257 258 258 258 258 258 258 258 258 258 258 258 258 258 258 258 256 256 258 256 258]
iter3: [257 258 258 258 258 258 258 258 258 258 258 258 258 258 258 258 256 256 258 256 256]
iter4: [257 258 258 258 258 258 258 258 258 258 258 258 258 258 258 256 256 256 256 256 256]
iter5: [257 258 258 258 102 258 258 138 258 258 258 258 258 230 258 256 256 256 256 256 256]
iter6: [257 258 258 258 102 108 258 138 258 173 258 258 258 230 258 256 256 256 256 256 256]
iter7: [257   5  10 258 102 108 258 138 258 173 258 258 258 230 256 256 256 256 256 256 256]
iter8: [257   5  10  21 102 108 258 138 138 173 258 258 243 230 256 256 256 256 256 256 256]
iter9: [257   5  10  21 102 108 115 138 138 173 208 210 243 230 256 256 256 256 256 256 256]
