iter0: [257 258 258 258 258 258 258 258 258 258 258 258 258 258 258 258 258 258 258 258 256]
iter1: [257 258 258 258 258 258 258 258 258 258 258 258 258 258 258 258 258 258 258 256 256]
iter2: [257 258 258 258 258 258 258 258 258 134 258 258 258 258 258 258 258 258 258 256 256]
iter3: [257 258 258 258 258 258 258 258 258 134 258 258 258 258 253 258 258 258 258 256 256]
iter4: [257 258 258 258 258 258 258 258 125 134 258 258 258 258 253 258 258 258 256 256 256]
iter5: [257 258 258  95 258 114 258 258 125 134 258 258 211 258 253 258 258 258 256 256 256]
iter6: [257  52 258  95 258 114 258 258 125 134 258 193 211 258 253 258 258 258 256 256 256]
iter7: [257  52  85  95 102 114 258 258 125 134 152 193 211 258 253 258 258 258 256 256 256]
iter8: [257  52  85  95 102 114 258 258 125 134 152 193 211 258 253 256 256 256 256 256 256]
iter9: [257  52  85  95 102 114 114 125 125 134 152 193 211 230 253 256 256 256 256 256 256]
