Time: 00-02:
[[0, 0], [1, 11], [1, 11], [3, 8], [3, 9], [7, 14], [8, 8], [8, 13], [10, 2], [10, 3], [13, 3], [14, 15], [15, 1], [15, 7], [16, 16], [16, 16], [16, 16], [16, 16], [16, 16], [16, 16]]
Time: 03-33:
[[0, 4], [1, 7], [2, 12], [3, 8], [3, 10], [3, 0], [4, 4], [5, 15], [5, 15], [6, 8], [8, 2], [9, 15], [11, 1], [11, 6], [11, 8], [12, 10], [12, 15], [14, 1], [14, 8], [15, 16]]
Time: 07-08:
[[1, 4], [1, 7], [3, 12], [3, 9], [3, 10], [4, 0], [4, 4], [8, 1], [7, 15], [6, 8], [9, 2], [9, 2], [10, 15], [12, 6], [13, 16], [13, 1], [14, 7], [15, 16], [16, 16], [16, 16]]
Time: 10-46:
[[0, 0], [1, 11], [1, 11], [3, 8], [3, 8], [7, 14], [8, 8], [8, 13], [10, 2], [10, 3], [13, 6], [14, 15], [15, 1], [15, 6], [16, 16], [16, 16], [16, 16], [16, 7], [16, 16], [16, 16]]
Time: 14-23:
[[0, 0], [1, 11], [1, 11], [3, 8], [3, 8], [3, 14], [8, 8], [8, 13], [10, 2], [10, 3], [13, 3], [14, 2], [15, 1], [15, 7], [16, 16], [16, 16], [16, 16], [16, 16], [16, 16], [16, 16]]
Time: 24-14:
[[7], [7], [18], [24], [35], [38], [39], [105], [55], [99], [109], [125], [128], [128], [128], [128], [128], [128], [128], [128]]
Time: 25-22:
[[2], [4], [22], [31], [36], [37], [40], [49], [61], [63], [67], [84], [88], [88], [103], [109], [109], [114], [116], [118]]
Time: 26-27:
[[7], [7], [23], [24], [35], [38], [39], [47], [55], [99], [83], [125], [108], [128], [128], [128], [128], [128], [128], [128]]
Time: 27-32:
[[1], [17], [16], [37], [43], [17], [57], [55], [71], [105], [105], [85], [105], [128], [128], [128], [128], [128], [128], [128]]
Time: 28-36:
[[15], [30], [30], [33], [49], [51], [76], [90], [90], [94], [94], [100], [100], [123], [128], [128], [128], [128], [128], [128]]
Time: 29-09:
[[5], [7], [7], [27], [35], [46], [47], [46], [55], [109], [123], [124], [128], [128], [128], [128], [128], [128], [128], [128]]
Time: 30-14:
[[15], [30], [30], [33], [49], [51], [76], [90], [90], [94], [94], [100], [100], [123], [128], [128], [128], [128], [128], [128]]
Time: 31-17:
[[7], [7], [18], [24], [35], [38], [39], [47], [55], [99], [109], [125], [128], [128], [128], [128], [128], [128], [128], [128]]
Time: 32-20:
[[7], [7], [18], [24], [35], [38], [39], [47], [55], [99], [109], [125], [128], [128], [128], [128], [128], [128], [128], [128]]
Time: 33-23:
[[7], [7], [18], [24], [35], [38], [39], [47], [55], [99], [109], [125], [128], [128], [128], [128], [128], [128], [128], [128]]
Time: 34-24:
[[7], [7], [18], [24], [35], [38], [39], [47], [55], [99], [109], [125], [128], [128], [128], [128], [128], [128], [128], [128]]
Time: 34-54:
[[2], [3], [3], [37], [42], [42], [64], [64], [73], [81], [82], [85], [105], [123], [128], [128], [128], [128], [128], [128]]
Time: 35-58:
[[7], [7], [18], [24], [35], [38], [39], [47], [55], [99], [109], [125], [128], [128], [128], [128], [128], [128], [128], [128]]
Time: 36-57:
[[2], [34], [38], [42], [53], [64], [64], [80], [81], [85], [94], [106], [122], [112], [128], [128], [128], [128], [128], [128]]
Time: 37-58:
[[19], [31], [32], [37], [45], [49], [61], [65], [69], [77], [95], [98], [101], [103], [109], [114], [118], [127], [128], [128]]
Time: 39-00:
[[7], [7], [18], [24], [35], [38], [39], [47], [55], [99], [109], [125], [128], [128], [128], [128], [128], [128], [128], [128]]
Time: 39-55:
[[7], [7], [18], [24], [35], [38], [39], [47], [55], [99], [109], [125], [128], [128], [128], [128], [128], [128], [128], [128]]
Time: 40-25:
[[7], [7], [18], [24], [35], [38], [39], [47], [55], [99], [109], [125], [128], [128], [128], [128], [128], [128], [128], [128]]
Time: 41-26:
[[15], [30], [30], [33], [49], [51], [76], [90], [90], [94], [94], [100], [100], [123], [128], [128], [128], [128], [128], [128]]
Time: 42-27:
[[15], [30], [30], [33], [49], [51], [76], [90], [90], [94], [94], [100], [100], [123], [128], [128], [128], [128], [128], [128]]
Time: 43-28:
[[15], [30], [30], [33], [49], [51], [76], [90], [90], [94], [94], [100], [100], [123], [128], [128], [128], [128], [128], [128]]
Time: 44-29:
[[7], [7], [18], [24], [35], [38], [39], [47], [55], [99], [109], [125], [128], [128], [128], [128], [128], [128], [128], [128]]
Time: 45-30:
[[15], [30], [30], [33], [49], [51], [76], [90], [90], [94], [94], [100], [100], [123], [128], [128], [128], [128], [128], [128]]
Time: 45-59:
[[0], [3], [16], [19], [43], [52], [55], [59], [60], [73], [74], [91], [93], [95], [102], [109], [114], [126], [128], [128]]
Time: 47-00:
[[9], [14], [15], [20], [26], [32], [44], [49], [51], [56], [93], [95], [97], [98], [112], [124], [128], [128], [128], [128]]
Time: 48-05:
[[15], [30], [30], [33], [49], [51], [76], [90], [90], [94], [94], [100], [100], [123], [128], [128], [128], [128], [128], [128]]
Time: 49-05:
[[15], [30], [30], [33], [49], [51], [76], [90], [90], [94], [94], [100], [100], [123], [128], [128], [128], [128], [128], [128]]
Time: 50-06:
[[15], [30], [30], [33], [49], [51], [76], [90], [90], [94], [94], [100], [100], [123], [128], [128], [128], [128], [128], [128]]
Time: 51-29:
[[4], [17], [26], [43], [44], [48], [58], [59], [62], [73], [80], [83], [96], [97], [104], [123], [128], [128], [128], [128]]
Time: 55-03:
[[6], [12], [14], [24], [30], [37], [30], [69], [70], [72], [75], [72], [91], [101], [102], [109], [117], [128], [128], [128]]
Time: 58-40:
[[14], [15], [19], [20], [44], [49], [51], [74], [89], [93], [95], [98], [113], [117], [124], [127], [128], [128], [128], [128]]
