[257 258 258 258 258 258 258 258 258 258 258 258 258 258 258 256 258 258 258 258 258]
[257 258 258 258 258 258 258 258 258 258 258 258 258 258 256 256 258 258 258 258 258]
[257 258 258 258 258 258 258 258 258 258 258 258 258 258 256 256 256 258 258 258 258]
[257 258 258 258 258 258 258 258 258 258 258 258 258 258 256 256 256 258 258 258 256]
[257 258 258 258 258 258 114 258 258 258 208 258 258 258 256 256 256 258 258 258 256]
[257  10 258 258 102 258 114 258 258 258 208 193 258 258 256 256 256 258 258 258 256]
[257  10 258 258 102 258 114 258 258 134 208 193 258 258 256 256 256 258 256 258 256]
[257  10 258 258 102 258 114 125 125 134 208 193 258 258 256 256 256 258 256 256 256]
[257  10 258 258 102 114 114 125 125 134 208 193 211 258 256 256 256 256 256 256 256]
[257  10  85  95 102 114 114 125 125 134 208 193 211 230 256 256 256 256 256 256 256]
[257 258 258 258 258 258 258 258 258 258 258 258 258 258 258 258 258 258 258 258 256]
[257 258 258 258 258 258 258 258 258 258 258 258 258 258 258 258 258 258 258 256 256]
[257 258 258 258 258 258 258 258 258 258 258 258 258 258 258 258 258 258 256 256 256]
[257 258 258  23 258 258 258 258 258 258 258 258 258 258 258 258 258 258 256 256 256]
[257 258 258  23 258 258 258 258 258 258 258 258 258 258 258 256 258 256 256 256 256]
[257   3 258  23 258 258 258 258 258 258 258 258 258 256 258 256 256 256 256 256 256]
[257   3 258  23  23 258 258 258 258 258  91 258 258 256 258 256 256 256 256 256 256]
[257   3   8  23  23 258 258 258 258  90  91 102 258 256 258 256 256 256 256 256 256]
[257   3   8  23  23  29 258 258 258  90  91 102 160 256 230 256 256 256 256 256 256]
[257   3   8  23  23  29  43  68  86  90  91 102 160 256 230 256 256 256 256 256 256]
[257 258 258 258 258 258 258 258 258 258 258 258 258 258 258 258 258 258 258 258 256]
[257 258 258 258 258 258  44 258 258 258 258 258 258 258 258 258 258 258 258 258 256]
[257 258 258 258 258 258  44 258 258 258 258 258 258 258 258 258 258 258 258 240 256]
[257 258 258 258  18 258  44 258 258 258 258 258 258 258 258 258 258 258 258 240 256]
[257   4 258 258  18 258  44 258 258 258 120 258 258 258 258 258 258 258 258 240 256]
[257   4 258 258  18 258  44  64 258 258 120 258 140 258 258 258 258 258 231 240 256]
[257   4 258  12  18 258  44  64 258 258 120 258 140 258 258 258 258 200 231 240 256]
[257   4  12  12  18 258  44  64 258 258 120 121 140 258 258 258 185 200 231 240 256]
[257   4  12  12  18  24  44  64 258 258 120 121 140 152 258 158 185 200 231 240 256]
[257   4  12  12  18  24  44  64  73 101 120 121 140 152 146 158 185 200 231 240 256]
[257 258 258 258 258 258 258 258 258 258 258 258 258 258 258 258 258 258 258 258 256]
[257 258 258 258 258 258 258 258 258 258 258 258 258 258 258 258 258 258 258 256 256]
[257 258 258 258 258 114 258 258 258 258 258 258 258 258 258 258 258 258 258 256 256]
[257 258 258 258 258 114 258 258 258 258 258 258 258 258 253 258 258 258 258 256 256]
[257 258 258 258 258 114 258 258 125 258 258 258 258 258 253 258 258 258 256 256 256]
[257 258 258  95 258 114 258 258 125 258 258 258 211 258 253 258 258 256 256 256 256]
[257  52 258  95 258 114 258 258 125 258 258 193 211 258 253 258 258 256 256 256 256]
[257  52  85  95 102 114 258 258 125 258 152 193 211 258 253 258 258 256 256 256 256]
[257  52  85  95 102 114 258 125 125 258 152 193 211 258 253 256 256 256 256 256 256]
[257  52  85  95 102 114 114 125 125 134 152 193 211 230 253 256 256 256 256 256 256]
[257 258 258 258 258 258 258 258 258 258 258 258 258 258 258 258 258 258 258 256 258]
[257 258 258 258 258 258 258 258 258 258 258 258 258 258 258 258 258 258 258 256 256]
[257 258 258 258 258 258 258 258 258 258 258 258 258 258 258 258 258 256 258 256 256]
[257 258 258 258 258 258 258 258 258 258 258 258 258 258 258 256 258 256 258 256 256]
[257 258  10 258 258 258 258 258 125 258 258 258 258 258 258 256 258 256 258 256 256]
[257   5  10 258 258 258 258 258 125 258 258 258 258 258 256 256 258 256 256 256 256]
[257   5  10 258 258 108 258 258 125 173 258 258 258 258 256 256 258 256 256 256 256]
[257   5  10 258  65 108 258 258 125 173 258 258 258 256 256 256 256 256 256 256 256]
[257   5  10  21  65 108 258 138 125 173 258 258 243 256 256 256 256 256 256 256 256]
[257   5  10  21  65 108 115 138 125 173 208 210 243 256 256 256 256 256 256 256 256]
