Time: 29-23:
[[1, 0], [1, 13], [1, 11], [7, 8], [7, 11], [7, 12], [7, 8], [8, 13], [10, 12], [10, 12], [13, 12], [13, 15], [16, 1], [15, 16], [16, 8], [16, 16], [16, 16], [16, 16], [16, 16], [16, 16]]
Time: 30-36:
[[0, 3], [1, 13], [2, 12], [7, 5], [7, 8], [8, 14], [8, 8], [10, 3], [10, 12], [11, 12], [13, 3], [14, 5], [16, 16], [16, 7], [16, 16], [16, 16], [16, 16], [16, 16], [16, 16], [16, 16]]
Time: 31-49:
[[0, 0], [1, 11], [1, 11], [3, 8], [3, 8], [7, 14], [8, 8], [8, 12], [10, 2], [10, 3], [13, 3], [14, 15], [15, 1], [15, 7], [16, 16], [16, 16], [16, 16], [16, 16], [16, 16], [16, 16]]
Time: 33-00:
[[0, 0], [1, 11], [1, 12], [3, 8], [3, 8], [7, 14], [8, 8], [8, 13], [10, 2], [10, 3], [13, 3], [14, 15], [15, 1], [15, 7], [16, 16], [16, 16], [16, 16], [16, 16], [16, 16], [16, 16]]
Time: 34-11:
[[0, 4], [0, 11], [3, 12], [3, 2], [3, 10], [4, 0], [4, 8], [5, 15], [7, 15], [6, 8], [8, 2], [8, 12], [11, 15], [11, 6], [12, 8], [12, 1], [12, 15], [14, 1], [14, 8], [15, 16]]
Time: 34-43:
[[0, 0], [1, 11], [1, 11], [3, 8], [3, 8], [7, 14], [8, 8], [8, 13], [10, 2], [10, 3], [13, 8], [14, 15], [15, 1], [15, 7], [16, 16], [16, 16], [16, 16], [16, 16], [16, 16], [16, 16]]
Time: 35-53:
[[0, 3], [1, 11], [1, 12], [3, 8], [3, 8], [7, 14], [8, 8], [8, 3], [10, 2], [10, 3], [13, 3], [14, 15], [15, 1], [15, 7], [16, 16], [16, 16], [16, 16], [16, 16], [16, 16], [16, 16]]
Time: 37-05:
[[0, 0], [1, 11], [1, 11], [3, 8], [3, 8], [7, 14], [8, 8], [8, 13], [10, 2], [10, 3], [13, 3], [14, 15], [15, 1], [15, 7], [16, 16], [16, 16], [16, 16], [16, 16], [16, 16], [16, 16]]
Time: 38-16:
[[1, 3], [1, 13], [2, 12], [7, 11], [7, 11], [8, 9], [8, 12], [10, 13], [10, 12], [11, 12], [13, 6], [14, 5], [16, 8], [16, 7], [16, 16], [16, 16], [16, 16], [16, 16], [16, 16], [16, 16]]
Time: 39-25:
[[1, 3], [1, 13], [2, 12], [7, 11], [7, 11], [8, 9], [8, 12], [10, 3], [10, 12], [11, 12], [13, 6], [14, 5], [16, 1], [16, 16], [16, 10], [16, 16], [16, 16], [16, 16], [16, 16], [16, 16]]
Time: 40-36:
[[1, 0], [1, 13], [2, 12], [7, 11], [7, 11], [8, 9], [8, 12], [10, 3], [10, 12], [11, 12], [13, 6], [14, 5], [16, 16], [16, 16], [16, 16], [16, 16], [16, 16], [16, 16], [16, 16], [16, 16]]
Time: 41-07:
[[1, 3], [1, 13], [2, 12], [7, 11], [7, 11], [8, 9], [8, 12], [10, 3], [10, 12], [11, 12], [13, 3], [14, 5], [16, 16], [16, 16], [16, 16], [16, 16], [16, 16], [16, 16], [16, 16], [16, 16]]
Time: 42-19:
[[2, 12], [4, 8], [5, 0], [6, 9], [7, 4], [7, 8], [8, 8], [8, 12], [9, 3], [11, 15], [12, 3], [13, 15], [13, 13], [13, 14], [14, 5], [15, 16], [16, 16], [16, 16], [16, 16], [16, 16]]
Time: 43-30:
[[0, 4], [0, 10], [2, 12], [3, 0], [3, 2], [3, 4], [5, 4], [5, 13], [5, 4], [5, 1], [6, 3], [8, 4], [8, 15], [9, 2], [9, 12], [13, 10], [16, 13], [14, 2], [14, 1], [15, 16]]
Time: 44-41:
[[0, 3], [1, 13], [2, 12], [7, 11], [7, 11], [8, 9], [8, 12], [10, 3], [10, 12], [11, 12], [13, 6], [14, 5], [16, 1], [16, 16], [16, 16], [16, 16], [16, 16], [16, 16], [16, 16], [16, 16]]
Time: 45-52:
[[0, 0], [1, 11], [1, 0], [3, 8], [3, 8], [7, 14], [8, 8], [8, 13], [10, 2], [10, 3], [13, 3], [14, 15], [15, 1], [15, 7], [16, 16], [16, 16], [16, 16], [16, 16], [16, 16], [16, 16]]
Time: 47-03:
[[0, 12], [1, 11], [3, 15], [3, 9], [4, 10], [6, 8], [7, 8], [8, 1], [10, 15], [8, 4], [11, 12], [12, 2], [13, 6], [13, 16], [13, 10], [13, 1], [14, 7], [15, 9], [16, 16], [16, 16]]
Time: 47-34:
[[1, 3], [1, 13], [2, 12], [3, 11], [7, 11], [8, 9], [8, 12], [10, 3], [10, 12], [11, 12], [13, 6], [14, 5], [16, 16], [16, 16], [16, 16], [16, 16], [16, 16], [16, 16], [16, 16], [16, 16]]
Time: 48-45:
[[0, 0], [1, 11], [1, 11], [3, 8], [3, 8], [7, 14], [8, 8], [8, 13], [10, 2], [10, 3], [13, 3], [14, 15], [15, 1], [15, 7], [16, 16], [16, 16], [16, 16], [16, 16], [16, 16], [16, 16]]
Time: 49-50:
[[1, 3], [1, 13], [2, 12], [7, 11], [7, 11], [8, 9], [8, 12], [10, 3], [10, 12], [11, 12], [13, 5], [14, 5], [16, 16], [16, 16], [16, 16], [16, 16], [16, 16], [16, 16], [16, 16], [16, 16]]
Time: 51-02:
[[1, 3], [1, 13], [2, 12], [7, 11], [7, 11], [8, 9], [8, 13], [10, 3], [10, 12], [11, 12], [13, 6], [14, 5], [16, 16], [16, 16], [16, 16], [16, 16], [16, 16], [16, 16], [16, 16], [16, 16]]
Time: 52-13:
[[0, 0], [1, 11], [1, 11], [3, 8], [3, 8], [7, 14], [8, 8], [8, 13], [10, 2], [10, 3], [13, 3], [14, 15], [15, 1], [15, 7], [16, 16], [16, 16], [16, 16], [16, 16], [16, 16], [16, 16]]
Time: 53-23:
[[0, 0], [1, 10], [1, 11], [3, 8], [3, 10], [7, 14], [8, 8], [8, 13], [10, 2], [10, 3], [13, 3], [14, 15], [15, 1], [15, 7], [16, 16], [16, 16], [16, 16], [16, 16], [16, 16], [16, 16]]
Time: 53-54:
[[0, 4], [0, 7], [2, 12], [3, 2], [3, 10], [4, 0], [4, 4], [5, 15], [5, 15], [6, 8], [8, 2], [9, 12], [11, 4], [11, 6], [11, 8], [12, 2], [12, 15], [14, 1], [14, 8], [15, 9]]
Time: 54-57:
[[1, 3], [1, 13], [2, 12], [7, 11], [7, 11], [7, 11], [7, 13], [8, 3], [10, 12], [12, 12], [13, 6], [14, 2], [16, 16], [16, 16], [16, 16], [16, 16], [16, 7], [16, 16], [16, 16], [16, 16]]
Time: 56-08:
[[0, 0], [1, 11], [3, 11], [3, 8], [3, 8], [7, 14], [8, 8], [8, 13], [10, 15], [10, 3], [13, 3], [14, 15], [15, 1], [15, 7], [16, 16], [16, 16], [16, 16], [16, 16], [16, 16], [16, 16]]
Time: 57-17:
[[0, 0], [1, 11], [6, 11], [7, 8], [7, 11], [8, 14], [8, 8], [10, 13], [10, 2], [11, 9], [13, 3], [14, 15], [15, 1], [15, 7], [16, 16], [16, 16], [16, 16], [16, 16], [16, 16], [16, 16]]
Time: 58-28:
[[0, 3], [1, 13], [1, 12], [3, 7], [3, 3], [7, 11], [8, 13], [8, 9], [10, 3], [12, 13], [13, 6], [14, 5], [16, 13], [16, 16], [16, 16], [16, 16], [16, 16], [16, 16], [16, 16], [16, 16]]
