Time: 01-32:
[[6], [62], [210], [125], [210], [397], [266], [283], [283], [422], [384], [422], [512], [504], [512], [512], [512], [512], [512], [512], [512], [512], [512], [512], [512], [512], [512], [512], [512], [512], [512], [512], [512], [512], [512], [512], [512], [512], [512], [512], [512], [512], [512], [512], [512], [512], [512], [512], [512], [512], [512], [512], [512], [512], [512], [512], [512], [512], [512], [512], [512], [512], [512], [512], [512], [512], [512], [512], [512], [512], [512], [512], [512], [512], [512], [512], [512], [512], [512], [512], [512], [512], [512], [512], [512], [512], [512], [512], [512], [512], [512], [512], [512], [512], [512], [512], [512], [512], [512], [512], [512], [512], [512], [512], [512], [512], [512], [512], [512], [512], [512], [512], [512], [512], [512], [512], [512], [512], [512], [512], [512], [512], [512], [512], [512]]
Time: 04-28:
[[0], [30], [30], [46], [35], [61], [94], [80], [228], [165], [200], [295], [252], [252], [89], [440], [512], [512], [512], [512], [512], [512], [512], [512], [512], [512], [512], [512], [512], [512], [512], [512], [512], [512], [512], [512], [512], [512], [512], [512], [512], [512], [512], [512], [512], [512], [512], [512], [512], [512], [512], [512], [512], [512], [512], [512], [512], [512], [512], [512], [512], [512], [512], [512], [512], [512], [512], [512], [512], [512], [512], [512], [512], [512], [512], [512], [512], [512], [512], [512], [512], [512], [512], [512], [512], [512], [512], [512], [512], [512], [512], [512], [512], [512], [512], [512], [512], [512], [512], [512], [512], [512], [512], [512], [512], [512], [512], [512], [512], [512], [512], [512], [512], [512], [512], [512], [512], [512], [512], [512], [512], [512], [512], [512], [512]]
Time: 07-10:
[[1], [30], [17], [37], [37], [49], [65], [82], [82], [191], [165], [262], [369], [403], [331], [503], [512], [512], [512], [512], [512], [512], [512], [512], [512], [512], [512], [512], [512], [512], [512], [512], [512], [512], [512], [512], [512], [512], [512], [512], [512], [512], [512], [512], [512], [512], [498], [512], [512], [512], [512], [512], [512], [512], [512], [512], [512], [512], [512], [512], [512], [512], [512], [512], [512], [512], [512], [512], [512], [512], [512], [512], [512], [512], [512], [512], [512], [512], [512], [512], [512], [512], [512], [512], [512], [512], [512], [512], [512], [512], [512], [512], [512], [512], [512], [512], [512], [512], [512], [512], [512], [512], [512], [512], [512], [512], [512], [512], [512], [512], [512], [512], [512], [512], [512], [512], [512], [512], [512], [512], [512], [512], [512], [512], [512]]
Time: 09-33:
[[2], [0], [0], [14], [0], [17], [27], [17], [23], [21], [21], [21], [17], [11], [27], [41], [41], [30], [29], [41], [41], [41], [63], [50], [79], [71], [54], [80], [80], [54], [82], [114], [82], [82], [108], [80], [80], [80], [132], [105], [108], [105], [131], [105], [136], [136], [136], [153], [118], [179], [190], [190], [223], [223], [223], [132], [223], [223], [223], [353], [297], [366], [332], [243], [297], [297], [280], [280], [352], [305], [340], [366], [173], [340], [228], [305], [271], [332], [332], [340], [332], [369], [332], [512], [261], [337], [223], [378], [280], [388], [512], [372], [352], [388], [369], [388], [388], [370], [512], [512], [403], [512], [414], [332], [403], [430], [486], [403], [436], [512], [337], [340], [280], [431], [388], [431], [512], [388], [369], [512], [414], [388], [512], [512], [512]]
Time: 11-23:
[[1], [14], [25], [33], [79], [61], [46], [61], [146], [115], [165], [165], [179], [182], [436], [41], [512], [512], [512], [512], [512], [512], [512], [512], [512], [512], [512], [512], [512], [477], [512], [512], [512], [512], [512], [512], [512], [512], [512], [512], [512], [512], [503], [512], [512], [512], [512], [512], [512], [512], [512], [512], [512], [512], [512], [512], [512], [512], [512], [512], [210], [512], [512], [512], [512], [512], [512], [512], [512], [512], [512], [512], [512], [512], [512], [512], [512], [512], [512], [512], [512], [512], [512], [512], [512], [512], [512], [512], [512], [512], [512], [512], [512], [512], [512], [512], [512], [512], [512], [512], [512], [512], [512], [512], [512], [512], [512], [512], [512], [512], [512], [512], [512], [512], [512], [512], [512], [512], [512], [512], [512], [512], [512], [512], [512]]
Time: 13-21:
[[22], [0], [46], [79], [133], [172], [114], [191], [247], [339], [201], [346], [337], [512], [512], [512], [444], [512], [512], [504], [512], [512], [512], [57], [512], [512], [512], [512], [512], [512], [512], [512], [512], [512], [52], [512], [512], [512], [512], [512], [512], [512], [512], [512], [512], [512], [512], [512], [512], [512], [512], [512], [512], [512], [512], [512], [512], [512], [512], [512], [512], [512], [512], [512], [512], [512], [512], [512], [512], [512], [512], [512], [512], [512], [512], [512], [512], [512], [512], [512], [512], [512], [512], [512], [512], [512], [512], [512], [512], [512], [512], [512], [512], [512], [512], [512], [512], [512], [512], [512], [512], [512], [512], [512], [512], [512], [512], [512], [512], [512], [512], [512], [512], [512], [512], [512], [512], [512], [512], [512], [512], [512], [512], [512], [512]]
Time: 15-14:
[[0], [0], [0], [0], [0], [0], [0], [14], [11], [23], [37], [25], [11], [28], [29], [37], [37], [78], [30], [37], [36], [30], [71], [57], [80], [80], [79], [82], [89], [82], [82], [112], [82], [82], [108], [108], [108], [88], [108], [136], [108], [108], [136], [108], [136], [108], [190], [116], [136], [108], [108], [136], [190], [206], [153], [206], [163], [164], [164], [190], [190], [223], [190], [190], [216], [265], [190], [280], [228], [190], [280], [280], [182], [280], [190], [190], [280], [238], [280], [280], [280], [337], [280], [388], [203], [280], [280], [431], [388], [388], [305], [337], [280], [352], [280], [459], [369], [512], [466], [512], [369], [369], [403], [431], [369], [456], [414], [512], [388], [512], [369], [512], [431], [431], [512], [512], [472], [466], [431], [512], [512], [436], [466], [512], [472]]
Time: 17-21:
[[0], [1], [0], [0], [0], [0], [11], [0], [0], [0], [0], [37], [17], [37], [36], [37], [37], [37], [37], [30], [37], [40], [37], [37], [41], [37], [37], [41], [41], [89], [80], [80], [79], [92], [65], [80], [89], [88], [108], [89], [108], [97], [112], [128], [108], [128], [108], [108], [108], [124], [190], [128], [128], [128], [132], [128], [128], [150], [190], [128], [128], [164], [128], [280], [128], [128], [132], [190], [190], [163], [190], [243], [164], [182], [178], [182], [190], [182], [128], [280], [182], [369], [243], [369], [369], [369], [182], [243], [182], [369], [153], [369], [369], [369], [369], [280], [369], [369], [369], [369], [369], [431], [369], [369], [369], [369], [375], [431], [369], [512], [372], [369], [369], [305], [414], [431], [369], [431], [337], [436], [369], [431], [369], [369], [431]]
Time: 19-01:
[[0], [0], [0], [0], [0], [0], [1], [0], [11], [0], [0], [11], [11], [1], [11], [30], [30], [37], [41], [37], [41], [53], [62], [30], [40], [40], [64], [37], [41], [79], [41], [37], [41], [41], [40], [108], [88], [88], [105], [108], [108], [108], [108], [88], [112], [112], [136], [136], [136], [108], [136], [118], [112], [108], [136], [128], [136], [132], [164], [136], [163], [163], [182], [161], [182], [164], [223], [163], [182], [190], [164], [164], [190], [163], [223], [223], [163], [182], [182], [182], [190], [280], [182], [280], [369], [243], [369], [182], [280], [431], [243], [223], [280], [369], [369], [369], [369], [369], [369], [372], [478], [388], [369], [369], [369], [359], [369], [512], [305], [431], [431], [478], [478], [478], [409], [431], [431], [431], [472], [369], [369], [431], [472], [414], [478]]
Time: 20-43:
[[0], [1], [0], [11], [11], [0], [11], [9], [1], [30], [30], [49], [30], [28], [30], [28], [37], [50], [54], [50], [37], [80], [105], [89], [80], [80], [88], [80], [80], [98], [71], [79], [80], [105], [118], [80], [108], [121], [108], [98], [98], [98], [108], [108], [105], [108], [105], [108], [108], [108], [153], [153], [116], [124], [163], [163], [163], [182], [161], [163], [203], [136], [163], [203], [153], [203], [203], [223], [190], [182], [190], [182], [164], [182], [182], [203], [164], [223], [228], [265], [243], [264], [163], [414], [182], [388], [163], [163], [223], [297], [280], [280], [163], [271], [223], [288], [163], [305], [297], [372], [369], [369], [337], [369], [280], [369], [369], [431], [274], [280], [353], [403], [459], [337], [295], [372], [265], [290], [337], [182], [280], [403], [243], [403], [369]]
Time: 22-20:
[[0], [14], [11], [23], [37], [37], [65], [82], [82], [82], [89], [101], [82], [116], [127], [119], [142], [151], [142], [163], [156], [179], [179], [166], [163], [180], [201], [208], [188], [209], [190], [173], [226], [512], [512], [512], [512], [512], [512], [512], [512], [512], [512], [510], [512], [512], [512], [512], [512], [512], [164], [512], [512], [512], [512], [512], [264], [512], [512], [512], [512], [512], [512], [512], [512], [280], [512], [512], [512], [512], [297], [512], [512], [227], [305], [512], [512], [512], [512], [344], [512], [512], [512], [512], [265], [431], [512], [423], [512], [512], [512], [512], [512], [512], [512], [512], [512], [512], [295], [512], [512], [512], [512], [512], [512], [512], [512], [512], [512], [512], [512], [512], [512], [512], [512], [512], [512], [512], [512], [369], [512], [512], [512], [512], [512]]
Time: 24-14:
[[0], [0], [0], [0], [0], [0], [11], [11], [11], [1], [11], [11], [0], [11], [30], [41], [41], [37], [37], [41], [49], [50], [67], [54], [57], [71], [80], [80], [80], [80], [80], [82], [82], [108], [118], [108], [112], [101], [108], [108], [98], [108], [116], [136], [108], [108], [108], [108], [108], [136], [136], [136], [136], [136], [179], [124], [166], [136], [166], [190], [190], [163], [190], [164], [153], [162], [164], [190], [190], [202], [190], [280], [182], [203], [280], [243], [203], [264], [280], [297], [280], [264], [280], [280], [369], [297], [337], [352], [369], [369], [388], [388], [369], [264], [369], [280], [369], [478], [369], [372], [369], [369], [388], [369], [369], [372], [369], [436], [369], [369], [397], [414], [369], [369], [369], [512], [431], [431], [414], [369], [372], [369], [369], [431], [369]]
Time: 26-04:
[[0], [14], [87], [191], [191], [283], [283], [266], [283], [21], [346], [422], [504], [504], [504], [512], [512], [512], [512], [512], [512], [512], [512], [512], [512], [512], [512], [512], [512], [512], [512], [512], [512], [512], [512], [512], [512], [512], [512], [512], [512], [512], [512], [512], [512], [512], [512], [512], [512], [512], [512], [512], [512], [512], [512], [512], [512], [512], [512], [512], [512], [512], [512], [512], [512], [512], [512], [512], [512], [512], [512], [512], [512], [512], [512], [512], [512], [512], [512], [512], [512], [512], [512], [512], [512], [512], [512], [512], [512], [512], [512], [512], [512], [512], [512], [512], [512], [512], [512], [512], [512], [512], [512], [512], [512], [512], [512], [512], [512], [512], [512], [512], [512], [512], [512], [512], [512], [512], [512], [512], [512], [512], [512], [512], [512]]
Time: 28-03:
[[0], [18], [18], [12], [26], [31], [26], [29], [32], [48], [49], [49], [62], [80], [61], [61], [78], [99], [104], [99], [99], [132], [132], [137], [114], [130], [142], [151], [151], [154], [142], [142], [151], [180], [154], [179], [179], [222], [223], [206], [206], [230], [223], [226], [219], [261], [391], [354], [512], [512], [512], [512], [512], [512], [512], [512], [512], [164], [512], [512], [512], [512], [512], [512], [512], [512], [261], [512], [512], [512], [512], [202], [512], [366], [512], [512], [512], [512], [512], [512], [512], [512], [512], [459], [512], [512], [512], [512], [512], [297], [512], [512], [512], [512], [512], [512], [512], [512], [512], [512], [512], [431], [512], [512], [512], [512], [512], [512], [512], [512], [512], [478], [512], [512], [512], [512], [512], [512], [512], [512], [512], [512], [512], [512], [512]]
Time: 30-11:
[[9], [84], [90], [106], [164], [266], [422], [422], [413], [504], [504], [504], [512], [512], [512], [512], [512], [512], [512], [512], [512], [512], [512], [512], [512], [512], [512], [512], [512], [512], [512], [512], [512], [512], [512], [512], [512], [512], [512], [512], [512], [512], [512], [512], [512], [512], [512], [512], [512], [512], [512], [512], [512], [512], [512], [512], [512], [512], [512], [512], [512], [512], [512], [512], [512], [512], [512], [512], [512], [512], [512], [512], [512], [512], [512], [512], [512], [512], [512], [512], [512], [512], [512], [512], [512], [512], [512], [512], [512], [512], [512], [512], [512], [512], [512], [512], [512], [512], [512], [512], [512], [512], [512], [512], [512], [512], [512], [512], [512], [512], [512], [512], [512], [512], [512], [512], [512], [512], [512], [512], [512], [512], [512], [512], [512]]
Time: 33-08:
[[6], [14], [49], [14], [65], [101], [98], [101], [153], [124], [163], [151], [178], [186], [187], [217], [218], [218], [218], [248], [288], [283], [285], [297], [316], [384], [288], [384], [411], [443], [504], [512], [512], [512], [512], [512], [512], [469], [486], [512], [512], [512], [512], [512], [512], [512], [512], [512], [512], [512], [512], [512], [512], [512], [512], [512], [512], [512], [512], [512], [512], [512], [512], [512], [512], [512], [512], [512], [512], [512], [512], [512], [512], [512], [512], [512], [512], [512], [512], [512], [512], [512], [512], [512], [512], [512], [512], [512], [512], [512], [512], [512], [512], [512], [512], [512], [512], [512], [512], [512], [512], [512], [512], [512], [512], [512], [512], [512], [512], [512], [512], [512], [512], [512], [512], [512], [512], [512], [512], [512], [512], [512], [512], [512], [512]]
Time: 35-45:
[[24], [37], [29], [64], [96], [129], [210], [220], [378], [283], [300], [504], [433], [512], [504], [512], [512], [512], [512], [512], [512], [512], [512], [512], [512], [512], [512], [512], [512], [512], [512], [512], [512], [512], [512], [512], [512], [512], [512], [512], [512], [512], [512], [512], [512], [512], [512], [512], [512], [512], [512], [512], [512], [512], [512], [512], [512], [512], [512], [512], [512], [512], [512], [512], [512], [512], [512], [512], [512], [512], [512], [512], [512], [512], [512], [512], [512], [512], [512], [512], [512], [512], [512], [512], [512], [512], [512], [512], [512], [512], [512], [512], [512], [512], [512], [512], [512], [512], [512], [512], [512], [512], [512], [512], [512], [512], [512], [512], [512], [512], [512], [512], [512], [512], [512], [512], [512], [512], [512], [512], [512], [512], [512], [512], [512]]
Time: 38-34:
[[9], [77], [87], [191], [125], [283], [200], [337], [337], [512], [504], [504], [512], [512], [512], [512], [512], [512], [512], [512], [512], [512], [512], [512], [512], [512], [512], [512], [512], [512], [512], [512], [512], [512], [512], [512], [512], [512], [512], [512], [512], [512], [512], [512], [512], [512], [512], [512], [512], [512], [512], [512], [512], [512], [512], [512], [512], [512], [512], [512], [512], [512], [512], [512], [512], [512], [512], [512], [512], [512], [512], [512], [512], [512], [512], [512], [512], [512], [512], [512], [512], [512], [512], [512], [512], [512], [512], [512], [512], [512], [512], [512], [512], [512], [512], [512], [512], [512], [512], [512], [512], [512], [512], [512], [512], [512], [512], [512], [512], [512], [512], [512], [512], [512], [512], [512], [512], [512], [512], [512], [512], [512], [512], [512], [512]]
Time: 41-24:
[[6], [59], [79], [280], [200], [283], [266], [337], [337], [422], [337], [384], [512], [252], [512], [512], [512], [512], [512], [512], [512], [512], [512], [512], [454], [512], [512], [512], [512], [512], [512], [512], [512], [512], [512], [512], [512], [512], [512], [512], [512], [512], [512], [512], [512], [512], [512], [512], [512], [512], [512], [512], [512], [172], [512], [512], [512], [512], [512], [512], [512], [512], [512], [512], [512], [512], [512], [512], [512], [512], [512], [512], [512], [512], [512], [512], [512], [512], [512], [512], [512], [512], [512], [512], [512], [512], [512], [512], [512], [512], [512], [512], [512], [512], [512], [512], [512], [512], [512], [512], [512], [512], [512], [512], [512], [512], [512], [512], [512], [512], [512], [512], [512], [512], [512], [512], [512], [512], [512], [512], [512], [512], [512], [512], [512]]
Time: 44-01:
[[14], [14], [14], [125], [164], [158], [226], [283], [283], [393], [384], [384], [504], [433], [512], [504], [504], [512], [512], [512], [512], [512], [512], [512], [512], [512], [512], [512], [512], [512], [512], [512], [512], [512], [512], [512], [512], [512], [512], [512], [512], [512], [512], [512], [512], [512], [512], [512], [512], [512], [512], [512], [512], [512], [512], [512], [512], [512], [512], [512], [512], [512], [512], [512], [512], [512], [512], [512], [512], [512], [512], [512], [512], [512], [512], [512], [512], [512], [512], [512], [512], [512], [512], [512], [512], [512], [512], [512], [512], [512], [512], [512], [512], [512], [512], [512], [512], [512], [512], [512], [512], [512], [512], [512], [512], [512], [512], [512], [512], [512], [512], [512], [512], [512], [512], [512], [512], [512], [512], [512], [512], [512], [512], [512], [512]]
Time: 46-38:
[[6], [14], [84], [132], [121], [252], [191], [212], [262], [332], [337], [366], [408], [366], [433], [512], [512], [512], [512], [512], [512], [512], [512], [512], [512], [512], [512], [512], [512], [512], [512], [512], [512], [512], [512], [512], [512], [512], [512], [512], [512], [512], [512], [512], [512], [512], [512], [512], [512], [512], [512], [512], [512], [512], [512], [512], [512], [512], [512], [512], [512], [512], [512], [512], [512], [512], [512], [512], [512], [512], [512], [512], [512], [512], [512], [512], [512], [512], [512], [512], [512], [512], [512], [512], [512], [512], [512], [512], [512], [512], [512], [512], [512], [512], [512], [512], [512], [512], [512], [512], [512], [512], [512], [512], [512], [512], [512], [512], [512], [512], [512], [512], [512], [512], [512], [512], [512], [512], [512], [512], [512], [512], [512], [512], [512]]
Time: 49-35:
[[25], [37], [61], [61], [82], [82], [146], [142], [142], [187], [228], [228], [262], [267], [233], [262], [341], [313], [341], [431], [444], [433], [454], [512], [512], [512], [512], [512], [512], [512], [512], [512], [512], [512], [512], [512], [512], [512], [512], [512], [512], [512], [512], [512], [512], [512], [512], [512], [512], [512], [512], [512], [512], [512], [512], [512], [512], [512], [512], [512], [512], [512], [512], [512], [512], [512], [512], [512], [512], [512], [512], [512], [512], [512], [512], [512], [512], [512], [512], [512], [512], [512], [512], [512], [512], [512], [512], [512], [512], [512], [512], [512], [512], [512], [512], [512], [512], [512], [512], [512], [512], [512], [512], [512], [512], [512], [512], [512], [512], [512], [512], [512], [512], [512], [512], [512], [512], [512], [512], [512], [512], [512], [512], [512], [512]]
Time: 52-06:
[[3], [116], [79], [116], [164], [191], [215], [167], [384], [422], [384], [504], [504], [512], [512], [512], [512], [512], [512], [512], [512], [512], [512], [512], [512], [512], [512], [512], [512], [512], [512], [512], [512], [512], [512], [512], [512], [512], [512], [512], [512], [512], [512], [512], [512], [512], [512], [512], [512], [512], [512], [512], [512], [512], [512], [512], [512], [512], [512], [512], [512], [512], [512], [512], [512], [512], [512], [512], [512], [512], [512], [512], [512], [512], [512], [512], [512], [512], [512], [512], [512], [512], [512], [512], [512], [512], [512], [512], [512], [512], [512], [512], [512], [512], [512], [512], [512], [512], [512], [512], [512], [512], [512], [512], [512], [512], [512], [512], [512], [512], [512], [512], [512], [512], [512], [512], [512], [512], [512], [512], [512], [512], [512], [512], [512]]
Time: 54-46:
[[65], [82], [125], [106], [137], [142], [145], [179], [222], [189], [313], [313], [313], [316], [433], [424], [444], [512], [504], [512], [512], [512], [512], [512], [512], [512], [512], [512], [512], [512], [512], [512], [512], [512], [512], [512], [512], [512], [512], [512], [512], [512], [512], [512], [512], [512], [512], [512], [512], [512], [512], [512], [512], [512], [512], [512], [512], [512], [512], [512], [512], [512], [512], [512], [512], [512], [512], [512], [512], [512], [512], [512], [512], [512], [512], [512], [512], [512], [512], [512], [512], [512], [512], [512], [512], [512], [512], [512], [512], [512], [512], [512], [512], [512], [512], [512], [512], [512], [512], [512], [512], [512], [512], [512], [512], [512], [512], [512], [512], [512], [512], [512], [512], [512], [512], [512], [512], [512], [512], [512], [512], [512], [512], [512], [512]]
Time: 57-42:
[[14], [14], [125], [113], [143], [183], [228], [512], [393], [393], [504], [512], [512], [512], [512], [512], [512], [512], [512], [512], [512], [512], [512], [512], [512], [512], [512], [512], [512], [512], [512], [512], [512], [512], [512], [512], [512], [512], [512], [512], [512], [512], [512], [512], [512], [512], [512], [512], [512], [512], [512], [512], [512], [512], [512], [512], [512], [512], [512], [512], [512], [512], [512], [512], [512], [512], [512], [512], [512], [512], [512], [512], [512], [512], [512], [512], [512], [512], [512], [512], [512], [512], [512], [512], [512], [512], [512], [512], [512], [512], [512], [512], [512], [512], [512], [512], [512], [512], [512], [512], [512], [512], [512], [512], [512], [512], [512], [512], [512], [512], [512], [512], [512], [512], [512], [512], [512], [512], [512], [512], [512], [512], [512], [512], [512]]
