Time: 10-56-05:
[[0, 2], [0, 7], [2, 12], [3, 8], [3, 15], [4, 4], [4, 8], [5, 15], [5, 15], [6, 15], [8, 2], [7, 2], [11, 15], [11, 6], [11, 8], [12, 15], [12, 15], [14, 1], [14, 15], [15, 8]]
Time: 11-00-28:
[[0, 2], [0, 7], [2, 12], [3, 8], [3, 15], [4, 4], [4, 8], [5, 15], [5, 15], [6, 15], [8, 2], [7, 2], [11, 15], [11, 6], [11, 8], [12, 15], [12, 15], [14, 1], [14, 15], [15, 8]]
Time: 11-02-56:
[[0, 2], [0, 7], [2, 12], [3, 8], [3, 15], [4, 4], [4, 8], [5, 15], [5, 15], [6, 15], [8, 2], [7, 2], [11, 15], [11, 6], [11, 8], [12, 15], [12, 15], [14, 1], [14, 15], [15, 8]]
Time: 11-07-32:
[[0, 2], [0, 7], [2, 12], [3, 8], [3, 15], [4, 4], [4, 8], [5, 15], [5, 15], [6, 15], [8, 2], [7, 2], [11, 15], [11, 6], [11, 8], [12, 15], [12, 15], [14, 1], [14, 15], [15, 8]]
Time: 11-13-58:
[[0, 2], [0, 7], [2, 12], [3, 8], [3, 15], [4, 4], [4, 8], [5, 15], [5, 15], [6, 15], [8, 2], [7, 2], [11, 15], [11, 6], [11, 8], [12, 15], [12, 15], [14, 1], [14, 15], [15, 8]]
Time: 11-15-00:
[[0, 4], [0, 7], [2, 12], [4, 2], [3, 10], [4, 0], [4, 4], [5, 15], [5, 15], [6, 8], [8, 2], [9, 12], [11, 6], [11, 6], [11, 8], [12, 2], [12, 15], [14, 1], [15, 8], [15, 9]]
Time: 11-18-35:
[[0, 2], [0, 7], [2, 12], [3, 8], [3, 15], [4, 4], [4, 8], [5, 15], [5, 15], [6, 15], [8, 2], [7, 2], [11, 15], [11, 6], [11, 8], [12, 15], [12, 15], [14, 1], [14, 15], [15, 8]]
Time: 11-24-35:
[[0, 2], [0, 7], [2, 12], [3, 8], [3, 15], [4, 4], [4, 8], [5, 15], [5, 15], [6, 15], [8, 2], [7, 2], [11, 15], [11, 6], [11, 8], [12, 15], [12, 15], [14, 1], [14, 15], [15, 8]]
Time: 11-25-39:
[[0, 4], [0, 7], [2, 12], [4, 2], [3, 10], [4, 0], [4, 4], [5, 15], [5, 15], [6, 8], [8, 2], [9, 12], [11, 6], [11, 6], [11, 8], [12, 2], [12, 15], [14, 1], [15, 8], [15, 9]]
Time: 11-26-40:
[[0, 4], [0, 7], [2, 12], [3, 2], [4, 10], [4, 0], [4, 4], [5, 15], [5, 15], [6, 8], [8, 2], [9, 12], [11, 4], [11, 6], [11, 8], [12, 6], [12, 15], [14, 1], [14, 8], [15, 9]]
Time: 11-27-42:
[[0, 4], [0, 7], [2, 12], [3, 2], [3, 10], [4, 0], [4, 7], [5, 15], [5, 15], [6, 8], [8, 2], [9, 12], [11, 4], [11, 6], [11, 8], [12, 2], [12, 15], [14, 1], [14, 8], [15, 9]]
Time: 11-28-50:
[[0, 4], [0, 7], [2, 12], [3, 2], [3, 10], [4, 0], [4, 4], [5, 15], [5, 15], [6, 8], [8, 2], [9, 12], [11, 4], [11, 6], [11, 8], [12, 2], [12, 15], [14, 1], [14, 8], [15, 9]]
Time: 11-29-24:
[[0, 4], [0, 7], [2, 12], [3, 2], [3, 10], [4, 4], [4, 4], [5, 15], [5, 15], [6, 8], [8, 2], [9, 12], [11, 4], [11, 6], [11, 8], [12, 2], [12, 15], [14, 1], [14, 8], [15, 9]]
Time: 11-30-31:
[[0, 4], [0, 7], [2, 12], [3, 2], [3, 10], [3, 0], [4, 4], [3, 15], [5, 12], [6, 8], [8, 2], [9, 12], [10, 15], [11, 4], [11, 8], [12, 2], [12, 2], [14, 1], [14, 8], [15, 9]]
Time: 11-31-38:
[[0, 4], [0, 7], [2, 12], [3, 2], [3, 10], [4, 0], [4, 4], [5, 15], [5, 15], [7, 8], [8, 2], [9, 12], [11, 4], [11, 6], [11, 8], [12, 2], [12, 15], [14, 1], [14, 8], [14, 9]]
Time: 11-32-45:
[[0, 4], [0, 7], [2, 12], [3, 2], [3, 10], [4, 4], [4, 4], [3, 15], [5, 15], [6, 8], [8, 2], [9, 12], [11, 15], [11, 4], [11, 8], [12, 2], [12, 15], [14, 1], [14, 8], [15, 9]]
Time: 11-33-51:
[[0, 4], [0, 7], [2, 12], [3, 2], [3, 10], [4, 0], [4, 4], [5, 15], [5, 15], [6, 8], [8, 2], [9, 12], [11, 4], [11, 6], [11, 8], [12, 2], [12, 15], [14, 1], [14, 8], [15, 9]]
Time: 11-34-57:
[[0, 4], [0, 7], [2, 12], [3, 2], [3, 10], [4, 0], [4, 4], [5, 15], [5, 15], [6, 8], [8, 2], [9, 12], [11, 4], [11, 6], [11, 8], [12, 2], [12, 15], [14, 1], [14, 8], [15, 9]]
Time: 11-35-32:
[[0, 4], [0, 7], [2, 12], [3, 2], [3, 10], [4, 0], [4, 4], [5, 15], [5, 15], [6, 8], [8, 2], [9, 12], [11, 4], [11, 6], [11, 8], [12, 2], [12, 15], [14, 1], [14, 8], [15, 9]]
Time: 11-36-37:
[[0, 4], [0, 7], [2, 12], [3, 2], [3, 10], [4, 0], [4, 4], [5, 15], [5, 15], [6, 8], [8, 2], [9, 12], [11, 4], [11, 6], [11, 8], [12, 4], [12, 15], [14, 1], [14, 8], [15, 9]]
Time: 11-37-48:
[[0, 4], [0, 7], [2, 12], [3, 0], [3, 2], [3, 4], [3, 9], [3, 10], [5, 8], [7, 15], [6, 2], [9, 12], [10, 15], [11, 4], [11, 6], [11, 8], [12, 2], [14, 1], [14, 8], [15, 9]]
Time: 11-38-58:
[[0, 4], [0, 7], [2, 12], [3, 2], [3, 10], [4, 0], [4, 7], [5, 15], [5, 15], [6, 8], [8, 8], [9, 12], [11, 4], [11, 6], [11, 8], [12, 2], [12, 15], [14, 1], [14, 8], [15, 9]]
Time: 11-40-08:
[[2, 12], [3, 0], [3, 12], [3, 9], [3, 10], [4, 4], [4, 7], [5, 15], [5, 15], [6, 8], [7, 6], [7, 12], [8, 0], [8, 8], [9, 12], [9, 13], [10, 6], [11, 8], [12, 2], [14, 1]]
Time: 11-41-18:
[[0, 4], [0, 7], [2, 12], [3, 2], [3, 10], [4, 0], [4, 4], [5, 15], [5, 15], [6, 8], [8, 2], [9, 12], [11, 4], [11, 6], [11, 8], [12, 2], [12, 15], [14, 1], [14, 8], [15, 9]]
Time: 11-41-58:
[[0, 4], [0, 7], [2, 12], [3, 2], [3, 10], [4, 0], [4, 4], [5, 15], [5, 15], [6, 8], [8, 2], [9, 12], [11, 4], [11, 6], [11, 8], [12, 2], [12, 15], [14, 1], [14, 8], [15, 9]]
Time: 11-43-08:
[[0, 4], [0, 7], [2, 12], [3, 0], [3, 2], [3, 4], [3, 9], [3, 10], [6, 8], [5, 15], [8, 2], [9, 12], [10, 15], [11, 4], [11, 6], [11, 8], [12, 2], [14, 1], [14, 8], [15, 9]]
Time: 11-44-18:
[[0, 4], [0, 7], [2, 12], [3, 2], [3, 10], [4, 0], [4, 4], [5, 15], [5, 15], [6, 8], [8, 2], [9, 12], [11, 4], [11, 6], [11, 8], [12, 2], [12, 15], [14, 1], [14, 8], [15, 9]]
Time: 11-45-29:
[[0, 4], [0, 7], [2, 12], [3, 0], [3, 10], [4, 0], [4, 4], [5, 15], [5, 15], [6, 8], [8, 2], [9, 12], [11, 4], [11, 6], [11, 8], [12, 2], [12, 15], [14, 1], [14, 8], [15, 9]]
Time: 11-46-40:
[[0, 12], [0, 7], [2, 12], [3, 0], [3, 2], [3, 0], [3, 9], [3, 10], [5, 15], [5, 15], [6, 8], [7, 12], [8, 0], [8, 2], [9, 12], [10, 10], [11, 8], [12, 2], [14, 1], [14, 8]]
Time: 11-47-54:
[[0, 4], [0, 7], [2, 12], [3, 2], [3, 10], [4, 0], [4, 4], [5, 15], [5, 15], [6, 8], [8, 2], [9, 12], [11, 4], [11, 6], [11, 8], [12, 2], [12, 15], [14, 1], [14, 8], [15, 9]]
Time: 11-48-33:
[[0, 4], [0, 7], [2, 12], [3, 2], [3, 10], [4, 0], [4, 4], [5, 15], [5, 15], [6, 8], [8, 2], [9, 12], [11, 4], [11, 6], [11, 8], [12, 2], [12, 15], [14, 1], [14, 8], [15, 9]]
Time: 11-49-44:
[[0, 4], [0, 7], [2, 12], [3, 2], [3, 10], [4, 0], [4, 4], [5, 15], [5, 15], [6, 8], [8, 2], [9, 12], [11, 4], [11, 6], [11, 8], [12, 2], [12, 15], [14, 1], [14, 8], [15, 9]]
Time: 11-50-55:
[[2, 12], [3, 0], [3, 4], [3, 9], [3, 10], [4, 4], [4, 7], [5, 15], [5, 15], [6, 8], [7, 6], [7, 12], [8, 0], [8, 8], [9, 12], [9, 13], [10, 15], [11, 8], [12, 2], [14, 1]]
Time: 11-52-06:
[[0, 4], [0, 7], [2, 12], [3, 2], [3, 10], [4, 0], [4, 4], [5, 15], [5, 15], [6, 8], [8, 2], [9, 12], [11, 4], [11, 6], [11, 8], [12, 2], [12, 15], [14, 1], [14, 8], [15, 9]]
Time: 11-53-17:
[[0, 4], [0, 7], [2, 12], [3, 2], [3, 10], [4, 0], [4, 4], [5, 15], [5, 15], [6, 8], [8, 2], [9, 12], [11, 4], [11, 6], [11, 8], [12, 2], [12, 15], [14, 1], [14, 8], [15, 9]]
Time: 11-54-38:
[[0, 4], [0, 7], [2, 12], [3, 2], [3, 10], [4, 0], [4, 4], [5, 15], [5, 15], [6, 8], [8, 2], [9, 12], [11, 4], [11, 6], [11, 8], [12, 2], [12, 15], [14, 1], [14, 8], [14, 9]]
Time: 11-58-36:
[[0, 4], [0, 7], [2, 12], [3, 0], [3, 10], [3, 4], [3, 9], [3, 10], [6, 15], [7, 15], [8, 2], [9, 12], [10, 4], [10, 4], [11, 6], [11, 9], [12, 2], [14, 1], [14, 8], [15, 9]]
Time: 12-02-28:
[[0, 4], [0, 7], [2, 12], [3, 2], [3, 10], [4, 0], [4, 4], [5, 15], [5, 15], [6, 8], [8, 2], [9, 12], [11, 4], [11, 6], [11, 12], [12, 2], [12, 15], [14, 1], [14, 8], [14, 9]]
Time: 12-06-20:
[[0, 4], [0, 7], [2, 12], [3, 9], [3, 10], [3, 0], [4, 4], [5, 15], [5, 15], [6, 8], [8, 2], [9, 12], [11, 4], [11, 6], [11, 8], [12, 2], [12, 2], [14, 1], [14, 8], [15, 9]]
Time: 12-10-19:
[[0, 4], [3, 7], [2, 12], [3, 0], [3, 2], [3, 4], [3, 9], [3, 10], [7, 15], [7, 15], [8, 2], [9, 12], [10, 8], [10, 4], [11, 6], [11, 9], [12, 2], [14, 1], [14, 8], [15, 9]]
Time: 12-37-05:
[[0, 2], [0, 7], [2, 12], [3, 8], [3, 8], [4, 4], [4, 8], [5, 15], [5, 15], [6, 15], [8, 2], [9, 15], [11, 15], [11, 6], [11, 15], [12, 1], [12, 15], [14, 8], [14, 8], [15, 8]]
Time: 12-38-19:
[[0, 4], [0, 7], [2, 12], [3, 2], [3, 10], [4, 0], [4, 4], [5, 15], [5, 15], [6, 8], [8, 2], [9, 12], [11, 4], [11, 6], [11, 8], [12, 2], [12, 15], [14, 1], [14, 8], [15, 9]]
Time: 12-39-26:
[[0, 4], [0, 7], [2, 12], [3, 2], [3, 10], [4, 0], [4, 4], [5, 15], [5, 15], [6, 8], [8, 2], [9, 12], [11, 4], [11, 6], [11, 8], [12, 4], [12, 15], [14, 1], [14, 8], [15, 9]]
Time: 12-40-31:
[[0, 4], [0, 7], [2, 12], [3, 2], [3, 10], [4, 0], [4, 4], [5, 15], [5, 15], [6, 8], [8, 2], [9, 12], [11, 4], [11, 6], [11, 8], [12, 2], [12, 15], [14, 1], [14, 8], [15, 9]]
Time: 12-41-38:
[[0, 4], [0, 7], [2, 12], [3, 2], [3, 10], [4, 0], [4, 4], [5, 15], [5, 15], [6, 8], [8, 2], [9, 12], [11, 4], [11, 6], [11, 8], [12, 2], [12, 15], [14, 1], [14, 8], [15, 9]]
Time: 12-42-14:
[[0, 4], [0, 7], [2, 12], [3, 2], [3, 10], [4, 0], [4, 4], [5, 15], [5, 15], [6, 8], [8, 2], [9, 12], [11, 4], [11, 6], [11, 8], [12, 2], [12, 15], [14, 1], [14, 8], [15, 9]]
Time: 12-43-25:
[[0, 4], [0, 7], [2, 12], [3, 2], [3, 10], [4, 4], [4, 4], [5, 15], [5, 15], [6, 8], [8, 2], [9, 12], [11, 4], [11, 6], [11, 8], [12, 2], [12, 15], [14, 1], [14, 8], [15, 9]]
Time: 12-44-31:
[[0, 4], [0, 7], [2, 12], [3, 2], [3, 2], [4, 0], [4, 4], [5, 15], [5, 15], [6, 8], [8, 2], [9, 12], [11, 4], [11, 6], [11, 8], [12, 2], [12, 15], [14, 1], [14, 8], [15, 9]]
Time: 12-45-37:
[[0, 4], [0, 7], [2, 12], [3, 2], [3, 10], [4, 0], [4, 4], [5, 15], [5, 15], [6, 8], [8, 2], [9, 12], [11, 4], [11, 6], [11, 8], [12, 2], [12, 15], [14, 1], [14, 8], [15, 9]]
Time: 12-46-44:
[[0, 4], [0, 7], [2, 12], [3, 2], [3, 10], [4, 0], [4, 4], [5, 15], [5, 15], [6, 8], [8, 2], [9, 12], [11, 0], [11, 6], [11, 8], [12, 2], [12, 15], [14, 1], [14, 8], [15, 9]]
Time: 12-47-51:
[[0, 4], [0, 7], [2, 12], [3, 2], [3, 10], [4, 0], [4, 4], [5, 15], [5, 15], [6, 8], [8, 2], [9, 12], [11, 4], [11, 6], [11, 8], [12, 2], [12, 15], [14, 1], [14, 8], [15, 9]]
Time: 12-48-47:
[[0, 4], [0, 7], [2, 12], [3, 2], [3, 10], [4, 0], [4, 4], [5, 15], [5, 15], [6, 8], [8, 2], [9, 12], [11, 4], [11, 6], [11, 8], [12, 2], [12, 15], [14, 1], [14, 8], [15, 9]]
Time: 12-50-43:
[[0, 4], [0, 7], [2, 12], [3, 2], [3, 10], [4, 0], [4, 4], [5, 15], [5, 15], [6, 8], [8, 2], [9, 12], [11, 4], [11, 6], [11, 8], [12, 2], [12, 15], [14, 1], [14, 8], [15, 9]]
Time: 12-53-30:
[[0, 4], [0, 7], [2, 12], [3, 2], [3, 10], [4, 0], [4, 4], [5, 15], [5, 15], [6, 8], [8, 2], [9, 12], [11, 4], [11, 6], [11, 8], [12, 2], [12, 15], [14, 1], [14, 8], [15, 9]]
Time: 12-56-12:
[[0, 4], [0, 7], [2, 12], [3, 2], [3, 10], [4, 0], [4, 4], [5, 15], [5, 15], [6, 8], [8, 2], [9, 12], [11, 4], [11, 6], [11, 8], [12, 2], [12, 15], [14, 1], [14, 8], [15, 9]]
Time: 12-59-34:
[[0, 4], [0, 7], [2, 12], [3, 2], [3, 10], [4, 0], [4, 4], [5, 15], [5, 15], [6, 8], [8, 2], [9, 12], [11, 4], [11, 6], [11, 8], [12, 2], [12, 15], [14, 1], [14, 8], [15, 9]]
Time: 13-02-44:
[[0, 4], [0, 7], [2, 12], [3, 2], [3, 10], [4, 0], [4, 4], [5, 15], [5, 15], [6, 8], [8, 2], [9, 12], [11, 4], [11, 6], [11, 8], [12, 2], [12, 15], [14, 1], [14, 8], [15, 9]]
Time: 13-03-59:
[[0, 4], [0, 7], [2, 12], [3, 2], [3, 10], [4, 0], [4, 4], [5, 15], [5, 15], [6, 8], [8, 2], [9, 12], [11, 4], [11, 6], [11, 8], [12, 2], [12, 15], [14, 1], [14, 8], [15, 9]]
Time: 13-06-05:
[[0, 4], [0, 7], [2, 12], [3, 2], [3, 10], [4, 0], [4, 4], [5, 15], [5, 15], [6, 8], [8, 2], [9, 12], [11, 4], [11, 6], [11, 8], [12, 2], [12, 15], [14, 1], [14, 8], [15, 9]]
Time: 13-08-49:
[[0, 4], [0, 7], [2, 12], [3, 2], [3, 10], [4, 0], [4, 4], [5, 15], [5, 15], [6, 8], [8, 2], [9, 12], [11, 4], [11, 6], [11, 8], [12, 2], [12, 15], [14, 1], [14, 8], [15, 9]]
Time: 13-11-52:
[[0, 4], [0, 7], [2, 12], [3, 2], [3, 10], [4, 0], [4, 4], [5, 15], [5, 15], [6, 8], [8, 2], [9, 12], [11, 4], [11, 6], [11, 8], [12, 2], [12, 15], [14, 1], [14, 8], [15, 9]]
Time: 13-14-44:
[[0, 4], [0, 7], [2, 12], [3, 2], [3, 10], [4, 0], [4, 4], [5, 15], [5, 15], [6, 8], [8, 2], [9, 12], [11, 4], [11, 6], [11, 8], [12, 2], [12, 15], [14, 1], [14, 8], [15, 9]]
Time: 13-16-56:
[[0, 4], [0, 7], [2, 12], [3, 2], [3, 10], [4, 0], [4, 4], [5, 15], [5, 15], [6, 8], [8, 2], [9, 12], [11, 4], [11, 6], [11, 8], [12, 2], [12, 15], [14, 1], [14, 8], [15, 9]]
Time: 13-18-12:
[[0, 4], [0, 7], [2, 12], [3, 2], [3, 10], [4, 0], [4, 4], [5, 15], [5, 15], [6, 8], [8, 2], [9, 12], [11, 4], [11, 6], [11, 8], [12, 2], [12, 15], [14, 1], [14, 8], [15, 9]]
Time: 13-20-18:
[[0, 4], [0, 7], [2, 12], [3, 2], [3, 10], [4, 0], [4, 4], [5, 15], [5, 15], [6, 8], [8, 2], [9, 12], [11, 4], [11, 6], [11, 8], [12, 2], [12, 15], [14, 1], [14, 8], [15, 9]]
Time: 13-22-16:
[[0, 4], [0, 7], [2, 12], [3, 2], [3, 10], [4, 0], [4, 4], [5, 15], [5, 15], [6, 8], [8, 2], [9, 12], [11, 4], [11, 6], [11, 8], [12, 2], [12, 15], [14, 1], [14, 8], [15, 9]]
Time: 13-23-24:
[[0, 4], [0, 7], [2, 12], [3, 2], [3, 10], [4, 0], [4, 4], [5, 15], [5, 15], [6, 8], [8, 2], [9, 12], [11, 4], [11, 6], [11, 8], [12, 2], [12, 15], [14, 1], [14, 8], [15, 9]]
Time: 13-24-32:
[[0, 4], [0, 7], [2, 12], [3, 2], [3, 10], [4, 0], [4, 4], [5, 15], [5, 15], [6, 8], [8, 2], [9, 12], [11, 4], [11, 6], [11, 8], [12, 2], [12, 15], [14, 1], [14, 8], [15, 9]]
Time: 16-52-38:
[[0, 0], [0, 8], [2, 12], [3, 4], [3, 15], [4, 4], [4, 8], [5, 12], [5, 4], [6, 15], [9, 12], [7, 15], [11, 2], [11, 1], [11, 8], [12, 1], [14, 15], [14, 0], [14, 8], [15, 8]]
Time: 16-56-34:
[[0, 0], [0, 8], [2, 12], [3, 4], [3, 15], [4, 4], [4, 8], [5, 12], [5, 4], [6, 15], [9, 12], [7, 15], [11, 2], [11, 1], [11, 8], [12, 1], [14, 15], [14, 0], [14, 8], [15, 8]]
Time: 16-58-22:
[[0, 12], [0, 7], [2, 12], [3, 5], [3, 10], [4, 0], [4, 7], [5, 15], [5, 15], [6, 8], [8, 2], [9, 12], [11, 6], [8, 6], [11, 8], [12, 8], [12, 6], [14, 1], [14, 8], [15, 9]]
Time: 16-59-41:
[[0, 4], [0, 7], [2, 12], [3, 2], [3, 10], [4, 0], [4, 4], [5, 15], [5, 15], [6, 8], [8, 2], [9, 12], [11, 4], [11, 6], [11, 8], [12, 2], [12, 15], [14, 1], [14, 8], [15, 9]]
Time: 17-01-36:
[[0, 4], [0, 7], [2, 4], [3, 2], [3, 10], [4, 0], [4, 4], [5, 15], [5, 15], [6, 8], [8, 2], [9, 12], [7, 4], [11, 6], [11, 8], [12, 2], [12, 15], [14, 1], [14, 8], [15, 9]]
Time: 17-04-06:
[[0, 4], [0, 7], [2, 12], [3, 2], [3, 10], [4, 0], [4, 4], [5, 15], [5, 15], [6, 8], [8, 2], [9, 12], [11, 4], [11, 6], [11, 8], [12, 2], [12, 15], [14, 1], [14, 8], [15, 9]]
Time: 17-04-40:
[[0, 4], [0, 7], [2, 12], [3, 2], [3, 10], [4, 0], [4, 4], [5, 15], [5, 15], [6, 15], [8, 2], [9, 12], [10, 4], [11, 6], [11, 8], [12, 2], [12, 15], [14, 1], [14, 8], [15, 9]]
Time: 17-10-37:
[[0, 4], [0, 7], [2, 12], [3, 2], [3, 10], [4, 0], [4, 4], [5, 15], [5, 15], [6, 8], [8, 2], [9, 12], [11, 4], [11, 6], [11, 8], [12, 2], [12, 15], [14, 1], [14, 8], [15, 9]]
Time: 17-12-39:
[[0, 4], [0, 7], [2, 12], [3, 2], [3, 10], [4, 0], [4, 4], [5, 15], [5, 15], [6, 8], [8, 2], [9, 12], [11, 4], [11, 6], [11, 8], [12, 2], [12, 15], [14, 1], [14, 8], [15, 9]]
Time: 17-14-35:
[[0, 4], [0, 7], [2, 12], [3, 2], [3, 10], [4, 0], [4, 4], [5, 15], [5, 15], [6, 8], [8, 2], [9, 12], [11, 4], [11, 6], [11, 8], [12, 2], [12, 15], [14, 6], [14, 8], [15, 9]]
Time: 17-15-59:
[[0, 4], [0, 7], [2, 12], [3, 2], [3, 10], [4, 0], [4, 4], [5, 15], [5, 15], [6, 8], [8, 2], [9, 12], [11, 4], [11, 6], [11, 8], [12, 2], [12, 15], [14, 1], [14, 8], [15, 9]]
Time: 17-17-14:
[[0, 4], [0, 7], [2, 12], [3, 2], [3, 10], [4, 0], [4, 4], [5, 15], [5, 15], [6, 8], [8, 2], [9, 12], [11, 4], [11, 6], [11, 8], [12, 2], [12, 15], [14, 1], [14, 2], [15, 9]]
Time: 17-17-43:
[[0, 4], [0, 7], [2, 12], [3, 2], [3, 10], [4, 0], [4, 4], [5, 15], [5, 15], [6, 8], [8, 2], [9, 12], [11, 4], [11, 6], [11, 8], [12, 2], [12, 15], [14, 1], [14, 8], [15, 9]]
Time: 17-20-34:
[[0, 4], [0, 7], [2, 12], [3, 2], [3, 10], [4, 0], [4, 4], [5, 15], [5, 15], [6, 8], [8, 2], [9, 12], [11, 4], [11, 6], [11, 8], [12, 2], [12, 15], [14, 1], [14, 8], [15, 9]]
Time: 17-21-52:
[[0, 4], [0, 7], [2, 12], [3, 2], [3, 10], [4, 0], [4, 4], [5, 15], [5, 15], [6, 8], [8, 2], [9, 12], [11, 4], [11, 6], [11, 8], [12, 2], [12, 15], [14, 1], [14, 8], [15, 9]]
Time: 17-23-09:
[[0, 4], [0, 7], [2, 12], [3, 2], [3, 10], [4, 0], [4, 4], [5, 15], [5, 15], [6, 8], [8, 2], [9, 12], [11, 4], [11, 6], [11, 8], [12, 2], [12, 15], [14, 1], [14, 8], [15, 9]]
Time: 17-24-25:
[[2, 12], [3, 0], [3, 12], [3, 9], [3, 10], [4, 4], [4, 7], [5, 15], [5, 15], [6, 8], [7, 6], [7, 12], [8, 0], [8, 8], [9, 12], [10, 13], [10, 6], [11, 8], [12, 2], [14, 9]]
Time: 17-25-42:
[[0, 4], [0, 7], [2, 12], [3, 2], [3, 10], [4, 0], [4, 4], [5, 15], [5, 15], [6, 8], [8, 2], [9, 12], [11, 4], [11, 6], [11, 8], [12, 2], [12, 15], [14, 1], [14, 8], [15, 9]]
Time: 17-26-12:
[[0, 4], [0, 7], [2, 12], [3, 2], [3, 10], [4, 0], [4, 4], [5, 15], [5, 15], [6, 8], [8, 2], [9, 12], [11, 4], [11, 6], [11, 8], [12, 2], [12, 15], [14, 1], [14, 8], [15, 9]]
Time: 17-27-27:
[[2, 12], [3, 0], [3, 12], [3, 9], [3, 8], [4, 4], [4, 7], [8, 15], [5, 15], [6, 8], [7, 6], [7, 12], [8, 0], [8, 8], [9, 12], [9, 13], [10, 6], [11, 8], [12, 2], [14, 1]]
Time: 17-28-46:
[[0, 4], [0, 7], [2, 12], [3, 2], [3, 10], [4, 0], [4, 4], [5, 15], [5, 15], [6, 8], [8, 2], [9, 12], [11, 4], [11, 6], [11, 8], [12, 2], [12, 15], [14, 1], [14, 8], [15, 9]]
Time: 17-30-03:
[[0, 4], [0, 7], [2, 12], [3, 2], [3, 10], [4, 0], [4, 4], [5, 15], [5, 15], [6, 8], [8, 2], [9, 12], [11, 4], [11, 6], [11, 8], [12, 2], [12, 15], [14, 1], [14, 8], [15, 9]]
Time: 17-31-22:
[[0, 4], [0, 7], [2, 12], [3, 2], [3, 10], [4, 0], [4, 4], [5, 15], [5, 15], [6, 8], [8, 2], [9, 12], [11, 4], [11, 6], [11, 8], [12, 2], [12, 15], [14, 1], [14, 8], [15, 9]]
Time: 17-31-52:
[[0, 4], [3, 7], [2, 12], [3, 2], [3, 10], [4, 4], [5, 8], [5, 8], [5, 15], [6, 15], [7, 13], [7, 12], [11, 8], [11, 6], [11, 12], [12, 1], [12, 15], [14, 1], [14, 8], [15, 9]]
Time: 17-32-41:
[[0, 4], [0, 7], [2, 12], [3, 2], [3, 10], [4, 0], [4, 4], [5, 15], [5, 15], [6, 8], [8, 2], [9, 12], [11, 4], [11, 6], [11, 8], [12, 2], [12, 15], [14, 1], [14, 8], [15, 9]]
Time: 17-33-07:
[[0, 4], [0, 7], [2, 12], [4, 0], [3, 10], [4, 0], [4, 4], [5, 15], [5, 15], [6, 8], [8, 2], [9, 12], [11, 4], [12, 6], [12, 8], [14, 2], [12, 15], [14, 1], [14, 8], [15, 9]]
Time: 17-33-16:
[[0, 4], [0, 7], [2, 12], [3, 2], [3, 10], [4, 0], [4, 4], [5, 15], [5, 15], [6, 8], [8, 2], [9, 12], [11, 4], [11, 6], [11, 8], [12, 2], [12, 15], [14, 1], [14, 8], [15, 9]]
Time: 17-34-22:
[[0, 4], [0, 7], [2, 12], [3, 2], [3, 10], [4, 0], [4, 4], [5, 15], [5, 15], [6, 8], [8, 2], [9, 12], [11, 4], [11, 6], [11, 8], [12, 2], [12, 15], [14, 1], [14, 8], [15, 9]]
Time: 17-34-37:
[[0, 4], [0, 7], [2, 12], [3, 0], [3, 2], [3, 4], [3, 9], [3, 10], [6, 15], [7, 8], [8, 2], [7, 12], [10, 15], [11, 4], [11, 6], [11, 8], [12, 2], [14, 1], [14, 8], [15, 9]]
Time: 17-35-35:
[[0, 4], [0, 7], [2, 12], [3, 2], [3, 10], [4, 0], [4, 7], [5, 15], [5, 15], [6, 8], [8, 2], [9, 12], [11, 4], [11, 6], [11, 8], [12, 2], [12, 15], [14, 1], [14, 8], [15, 9]]
Time: 17-36-48:
[[0, 4], [0, 7], [2, 12], [3, 2], [3, 10], [4, 0], [4, 4], [5, 15], [5, 15], [6, 8], [8, 2], [9, 12], [11, 4], [11, 6], [11, 8], [12, 2], [12, 15], [14, 1], [14, 8], [15, 9]]
Time: 17-37-20:
[[0, 4], [0, 7], [2, 12], [3, 2], [3, 10], [4, 0], [4, 4], [5, 15], [5, 15], [6, 8], [8, 2], [9, 12], [11, 4], [11, 6], [11, 8], [12, 2], [12, 15], [14, 1], [14, 8], [15, 9]]
Time: 17-38-32:
[[0, 4], [0, 7], [2, 12], [3, 2], [3, 10], [4, 0], [4, 4], [5, 15], [5, 15], [6, 8], [8, 2], [9, 12], [11, 4], [11, 6], [11, 8], [12, 2], [12, 15], [14, 1], [14, 8], [15, 9]]
Time: 17-38-38:
[[0, 4], [0, 7], [2, 12], [3, 2], [3, 10], [4, 0], [4, 4], [5, 15], [5, 15], [6, 8], [8, 2], [9, 12], [11, 4], [11, 6], [11, 8], [12, 2], [12, 15], [14, 1], [14, 8], [15, 9]]
Time: 17-39-44:
[[0, 4], [0, 7], [2, 12], [3, 2], [3, 2], [4, 4], [4, 4], [5, 15], [5, 15], [6, 8], [8, 2], [9, 12], [11, 4], [11, 6], [11, 8], [12, 2], [12, 15], [14, 1], [14, 8], [15, 9]]
Time: 17-40-57:
[[0, 4], [0, 7], [2, 12], [3, 2], [3, 10], [4, 0], [4, 4], [5, 15], [5, 15], [6, 8], [8, 2], [9, 12], [11, 4], [11, 6], [11, 8], [12, 2], [12, 15], [14, 1], [14, 8], [15, 9]]
Time: 17-41-13:
[[0, 4], [0, 7], [2, 12], [3, 0], [3, 10], [3, 4], [3, 9], [3, 10], [6, 8], [7, 15], [8, 2], [9, 12], [10, 15], [11, 4], [11, 6], [11, 8], [12, 2], [14, 1], [14, 8], [15, 9]]
Time: 17-42-10:
[[0, 4], [0, 7], [2, 12], [3, 2], [3, 10], [4, 0], [4, 4], [5, 15], [5, 15], [6, 8], [8, 2], [9, 12], [11, 4], [11, 6], [11, 8], [12, 2], [12, 15], [14, 1], [14, 8], [15, 9]]
Time: 17-42-33:
[[0, 4], [0, 7], [2, 12], [3, 2], [3, 10], [4, 0], [4, 4], [5, 15], [5, 15], [6, 8], [8, 2], [9, 12], [11, 4], [11, 6], [11, 8], [12, 2], [12, 15], [14, 1], [14, 8], [15, 9]]
Time: 17-43-20:
[[0, 4], [0, 7], [2, 12], [3, 2], [3, 10], [4, 0], [4, 4], [5, 15], [5, 15], [6, 8], [8, 2], [9, 12], [11, 4], [11, 6], [11, 8], [12, 2], [12, 15], [14, 1], [14, 8], [15, 9]]
Time: 17-43-53:
[[0, 0], [0, 7], [2, 12], [3, 2], [3, 10], [3, 0], [4, 4], [5, 15], [5, 15], [6, 8], [8, 2], [9, 12], [11, 4], [11, 6], [11, 6], [12, 2], [12, 15], [14, 1], [14, 8], [15, 9]]
Time: 17-45-08:
[[0, 4], [0, 7], [2, 12], [3, 2], [3, 10], [4, 0], [4, 4], [5, 15], [5, 15], [6, 8], [8, 2], [9, 12], [11, 4], [11, 6], [11, 8], [12, 2], [12, 15], [14, 1], [14, 8], [15, 9]]
Time: 17-45-46:
[[0, 4], [0, 7], [2, 12], [3, 2], [3, 10], [4, 0], [4, 4], [5, 15], [5, 15], [6, 8], [8, 2], [9, 12], [11, 4], [11, 6], [11, 8], [12, 2], [12, 15], [14, 1], [14, 8], [15, 9]]
Time: 17-46-24:
[[0, 4], [0, 7], [2, 12], [3, 2], [3, 10], [4, 0], [4, 4], [5, 15], [5, 15], [6, 8], [8, 2], [9, 12], [11, 4], [11, 6], [11, 8], [12, 2], [12, 15], [14, 1], [14, 8], [15, 9]]
Time: 17-47-44:
[[0, 4], [2, 12], [4, 4], [4, 9], [5, 5], [5, 15], [5, 15], [7, 8], [7, 10], [9, 7], [9, 6], [11, 4], [11, 6], [11, 8], [12, 2], [12, 6], [14, 1], [14, 8], [15, 2], [15, 9]]
Time: 17-49-50:
[[0, 4], [0, 7], [2, 12], [3, 2], [3, 10], [4, 0], [4, 4], [5, 15], [5, 15], [6, 8], [8, 2], [9, 12], [11, 0], [11, 6], [11, 8], [12, 2], [12, 15], [14, 1], [14, 8], [15, 9]]
Time: 17-57-12:
[[0, 4], [0, 7], [2, 12], [3, 2], [3, 10], [4, 0], [4, 4], [5, 15], [5, 15], [6, 8], [8, 2], [9, 12], [11, 4], [11, 6], [11, 8], [12, 2], [12, 15], [14, 1], [14, 1], [15, 9]]
Time: 18-04-05:
[[0, 4], [0, 7], [2, 12], [3, 9], [3, 10], [4, 0], [4, 4], [5, 15], [5, 15], [6, 8], [8, 2], [9, 12], [11, 4], [11, 6], [11, 8], [12, 2], [12, 15], [14, 1], [14, 8], [15, 9]]
Time: 18-07-56:
[[0, 4], [0, 7], [2, 12], [3, 2], [3, 10], [4, 0], [4, 4], [5, 15], [5, 15], [6, 8], [8, 2], [9, 12], [8, 4], [11, 6], [11, 8], [11, 2], [12, 15], [14, 1], [14, 8], [15, 9]]
Time: 18-08-10:
[[0, 4], [3, 7], [2, 12], [3, 2], [3, 10], [4, 4], [5, 8], [5, 8], [5, 15], [6, 15], [7, 13], [7, 12], [11, 8], [11, 6], [11, 12], [12, 1], [12, 15], [14, 1], [14, 8], [15, 9]]
Time: 18-20-13:
[[0, 4], [3, 7], [2, 12], [3, 2], [3, 10], [4, 4], [5, 8], [5, 8], [5, 15], [6, 15], [7, 13], [7, 12], [11, 8], [11, 6], [11, 12], [12, 1], [12, 15], [14, 1], [14, 8], [15, 9]]
Time: 18-21-27:
[[0, 4], [0, 7], [2, 12], [4, 0], [3, 10], [4, 0], [4, 4], [5, 15], [5, 15], [6, 8], [8, 2], [9, 12], [11, 4], [12, 6], [12, 8], [14, 2], [12, 15], [14, 1], [14, 8], [15, 9]]
Time: 18-22-37:
[[0, 4], [0, 7], [2, 12], [3, 2], [3, 10], [4, 0], [4, 4], [5, 15], [5, 15], [6, 8], [8, 2], [9, 12], [11, 4], [11, 6], [11, 8], [12, 2], [12, 15], [14, 1], [14, 8], [15, 9]]
Time: 18-23-48:
[[0, 4], [0, 7], [2, 12], [3, 2], [3, 10], [4, 0], [4, 7], [5, 15], [5, 15], [6, 8], [8, 2], [9, 12], [11, 4], [11, 6], [11, 8], [12, 2], [12, 15], [14, 1], [14, 8], [15, 9]]
Time: 18-24-58:
[[0, 4], [0, 7], [2, 12], [3, 2], [3, 10], [4, 0], [4, 4], [5, 15], [5, 15], [6, 8], [8, 2], [9, 12], [11, 4], [11, 6], [11, 8], [12, 2], [12, 15], [14, 1], [14, 8], [15, 9]]
Time: 18-25-28:
[[0, 4], [0, 7], [2, 12], [3, 2], [3, 10], [4, 0], [4, 4], [5, 15], [5, 15], [6, 8], [8, 2], [9, 12], [11, 4], [11, 6], [11, 8], [12, 2], [12, 15], [14, 1], [14, 8], [15, 9]]
Time: 18-26-39:
[[0, 4], [0, 7], [2, 12], [3, 2], [3, 10], [4, 0], [4, 4], [5, 15], [5, 15], [6, 8], [8, 2], [9, 12], [11, 4], [11, 6], [11, 8], [12, 2], [12, 15], [14, 1], [14, 8], [15, 9]]
Time: 18-27-50:
[[0, 4], [0, 7], [2, 12], [3, 2], [3, 2], [4, 4], [4, 4], [5, 15], [5, 15], [6, 8], [8, 2], [9, 12], [11, 4], [11, 6], [11, 8], [12, 2], [12, 15], [14, 1], [14, 8], [15, 9]]
Time: 18-29-01:
[[0, 4], [0, 7], [2, 12], [3, 2], [3, 10], [4, 0], [4, 4], [5, 15], [5, 15], [6, 8], [8, 2], [9, 12], [11, 4], [11, 6], [11, 8], [12, 2], [12, 15], [14, 1], [14, 8], [15, 9]]
Time: 18-30-12:
[[0, 4], [0, 7], [2, 12], [3, 2], [3, 10], [4, 0], [4, 4], [5, 15], [5, 15], [6, 8], [8, 2], [9, 12], [11, 4], [11, 6], [11, 8], [12, 2], [12, 15], [14, 1], [14, 8], [15, 9]]
Time: 18-31-19:
[[0, 4], [0, 7], [2, 12], [3, 2], [3, 10], [4, 0], [4, 4], [5, 15], [5, 15], [6, 8], [8, 2], [9, 12], [11, 4], [11, 6], [11, 8], [12, 2], [12, 15], [14, 1], [14, 8], [15, 9]]
Time: 18-31-50:
[[0, 0], [0, 7], [2, 12], [3, 2], [3, 10], [3, 0], [4, 4], [5, 15], [5, 15], [6, 8], [8, 2], [9, 12], [11, 4], [11, 6], [11, 6], [12, 2], [12, 15], [14, 1], [14, 8], [15, 9]]
Time: 18-33-02:
[[0, 4], [0, 7], [2, 12], [3, 2], [3, 10], [4, 0], [4, 4], [5, 15], [5, 15], [6, 8], [8, 2], [9, 12], [11, 4], [11, 6], [11, 8], [12, 2], [12, 15], [14, 1], [14, 8], [15, 9]]
Time: 18-34-15:
[[0, 4], [0, 7], [2, 12], [3, 2], [3, 10], [4, 0], [4, 4], [5, 15], [5, 15], [6, 8], [8, 2], [9, 12], [11, 4], [11, 6], [11, 8], [12, 2], [12, 15], [14, 1], [14, 8], [15, 9]]
Time: 18-35-26:
[[0, 4], [2, 12], [4, 4], [4, 9], [5, 5], [5, 15], [5, 15], [7, 8], [7, 10], [9, 7], [9, 6], [11, 4], [11, 6], [11, 8], [12, 2], [12, 6], [14, 1], [14, 8], [15, 2], [15, 9]]
Time: 18-36-40:
[[0, 4], [0, 7], [2, 12], [3, 0], [3, 2], [3, 0], [3, 9], [3, 10], [5, 15], [5, 15], [6, 8], [7, 4], [8, 0], [8, 2], [9, 12], [10, 10], [11, 8], [12, 2], [14, 1], [14, 9]]
Time: 18-37-52:
[[0, 4], [0, 7], [2, 12], [3, 2], [3, 10], [4, 0], [4, 4], [5, 15], [5, 15], [6, 8], [8, 2], [9, 12], [11, 4], [11, 6], [11, 8], [12, 2], [12, 15], [14, 1], [14, 8], [15, 9]]
Time: 18-38-23:
[[0, 4], [0, 7], [2, 12], [3, 2], [3, 10], [4, 0], [4, 4], [5, 15], [5, 8], [6, 8], [8, 2], [9, 12], [11, 4], [11, 6], [11, 8], [12, 2], [12, 15], [14, 1], [14, 8], [15, 9]]
Time: 18-39-35:
[[0, 4], [0, 7], [2, 12], [3, 2], [3, 2], [3, 4], [3, 4], [3, 15], [6, 15], [6, 15], [8, 2], [9, 12], [10, 15], [11, 4], [11, 6], [11, 2], [12, 2], [14, 1], [14, 8], [15, 9]]
Time: 18-40-46:
[[0, 4], [0, 7], [2, 12], [3, 2], [3, 10], [4, 0], [4, 4], [5, 15], [5, 15], [6, 8], [8, 2], [9, 12], [11, 4], [11, 6], [11, 8], [12, 2], [12, 15], [14, 1], [14, 8], [15, 9]]
Time: 18-41-58:
[[0, 4], [0, 7], [2, 12], [3, 2], [3, 10], [4, 0], [4, 4], [5, 15], [5, 15], [6, 8], [8, 2], [9, 12], [11, 4], [11, 6], [11, 8], [12, 2], [12, 15], [14, 1], [14, 8], [15, 9]]
Time: 18-43-09:
[[0, 4], [0, 7], [2, 12], [3, 2], [3, 10], [4, 0], [4, 4], [5, 15], [5, 15], [6, 8], [8, 2], [9, 12], [11, 4], [11, 6], [11, 8], [12, 2], [12, 15], [14, 1], [14, 8], [15, 9]]
Time: 18-44-20:
[[0, 4], [0, 7], [2, 12], [3, 2], [3, 10], [4, 0], [4, 4], [5, 15], [5, 15], [6, 8], [8, 2], [9, 12], [11, 4], [11, 6], [11, 8], [12, 2], [12, 15], [14, 1], [14, 8], [15, 9]]
Time: 18-44-51:
[[0, 4], [0, 7], [2, 12], [3, 2], [3, 10], [4, 0], [4, 4], [5, 15], [5, 15], [6, 8], [8, 2], [9, 12], [11, 4], [11, 6], [11, 8], [12, 2], [12, 15], [14, 1], [14, 8], [15, 9]]
Time: 18-46-03:
[[0, 4], [0, 7], [2, 12], [3, 2], [3, 10], [4, 4], [4, 4], [5, 15], [5, 15], [6, 8], [8, 2], [9, 12], [11, 4], [11, 6], [11, 8], [12, 2], [12, 15], [14, 1], [14, 8], [15, 9]]
Time: 18-47-17:
[[2, 12], [3, 0], [3, 4], [3, 9], [3, 10], [4, 4], [4, 7], [5, 15], [5, 15], [6, 8], [7, 6], [7, 12], [8, 6], [8, 8], [9, 12], [9, 13], [10, 6], [11, 8], [12, 2], [14, 1]]
Time: 18-48-29:
[[0, 4], [0, 7], [2, 12], [3, 0], [3, 10], [3, 4], [3, 4], [3, 10], [6, 8], [7, 15], [8, 2], [9, 12], [10, 15], [11, 4], [11, 6], [11, 8], [12, 2], [14, 1], [14, 8], [15, 9]]
Time: 18-49-41:
[[0, 4], [0, 7], [2, 12], [3, 2], [3, 10], [4, 0], [4, 4], [5, 15], [5, 15], [6, 8], [8, 2], [9, 12], [11, 4], [11, 6], [11, 8], [12, 2], [12, 15], [14, 1], [14, 8], [15, 9]]
Time: 18-51-33:
[[0, 4], [0, 7], [2, 12], [3, 0], [3, 10], [4, 11], [4, 4], [4, 15], [5, 15], [6, 8], [8, 2], [9, 12], [11, 15], [11, 6], [12, 8], [12, 2], [14, 15], [14, 1], [14, 8], [15, 9]]
Time: 18-56-13:
[[0, 4], [0, 7], [2, 12], [3, 0], [3, 10], [4, 11], [4, 4], [4, 15], [5, 15], [6, 8], [8, 2], [9, 12], [11, 15], [11, 6], [12, 8], [12, 2], [14, 15], [14, 1], [14, 8], [15, 9]]
Time: 18-58-40:
[[0, 4], [0, 7], [2, 12], [3, 2], [3, 10], [4, 0], [4, 4], [5, 15], [5, 15], [6, 8], [8, 2], [9, 12], [11, 4], [11, 6], [12, 8], [12, 2], [14, 15], [14, 1], [14, 8], [15, 9]]
Time: 19-04-37:
[[0, 4], [0, 7], [2, 4], [3, 0], [3, 10], [4, 0], [4, 4], [4, 15], [5, 15], [6, 8], [8, 2], [9, 12], [15, 4], [11, 6], [11, 8], [14, 2], [12, 15], [14, 9], [14, 8], [15, 9]]
Time: 19-05-33:
[[0, 4], [0, 7], [2, 12], [3, 2], [3, 10], [4, 0], [4, 4], [5, 15], [5, 15], [6, 8], [8, 2], [9, 12], [11, 4], [11, 6], [12, 8], [12, 2], [14, 15], [14, 1], [14, 8], [15, 9]]
Time: 19-05-53:
[[0, 4], [0, 7], [2, 12], [3, 2], [3, 10], [4, 0], [4, 4], [5, 15], [5, 15], [6, 8], [8, 2], [9, 12], [11, 4], [11, 6], [12, 8], [12, 2], [14, 15], [14, 1], [14, 8], [15, 9]]
Time: 19-13-20:
[[0, 4], [0, 7], [2, 12], [3, 2], [3, 10], [4, 0], [4, 4], [5, 15], [5, 15], [6, 8], [8, 2], [9, 12], [11, 4], [11, 6], [12, 8], [12, 2], [14, 15], [14, 1], [14, 8], [15, 9]]
Time: 19-16-56:
[[0, 4], [0, 7], [2, 4], [3, 0], [3, 10], [4, 0], [4, 4], [4, 15], [5, 15], [6, 8], [8, 2], [9, 12], [15, 4], [11, 6], [11, 8], [14, 2], [12, 15], [14, 9], [14, 8], [15, 9]]
Time: 19-20-35:
[[0, 4], [0, 7], [2, 12], [3, 2], [3, 10], [4, 0], [4, 4], [5, 15], [5, 15], [6, 8], [8, 2], [9, 12], [11, 15], [12, 6], [11, 8], [12, 2], [14, 15], [14, 1], [14, 8], [15, 9]]
