Time: 22-03:
[[9], [6], [18], [64], [19], [56], [70], [82], [74], [158], [216], [142], [196], [196], [218], [256], [256], [256], [256], [256]]
Time: 22-46:
[[8], [17], [18], [61], [76], [41], [131], [91], [149], [220], [220], [249], [256], [256], [256], [256], [256], [256], [256], [256]]
Time: 23-31:
[[8], [17], [18], [22], [22], [82], [89], [91], [95], [127], [133], [142], [147], [181], [185], [253], [256], [256], [256], [256]]
Time: 24-14:
[[35], [45], [37], [61], [76], [116], [131], [135], [149], [220], [249], [249], [215], [256], [256], [256], [256], [256], [256], [256]]
Time: 24-54:
[[35], [45], [55], [85], [76], [189], [131], [135], [149], [220], [249], [249], [256], [256], [256], [256], [256], [256], [256], [256]]
Time: 25-00:
[[1], [10], [13], [16], [22], [30], [33], [56], [77], [87], [90], [123], [155], [169], [173], [173], [186], [192], [200], [228]]
Time: 25-09:
[[2], [55], [69], [85], [100], [63], [113], [150], [113], [216], [220], [246], [215], [197], [256], [256], [256], [256], [256], [256]]
Time: 54-51:
[[1], [10], [13], [16], [22], [30], [33], [56], [77], [87], [90], [123], [155], [169], [173], [173], [186], [192], [200], [228]]
