Time: 11-52:
[[110], [110], [128], [208], [140], [140], [181], [194], [194], [205], [205], [208], [214], [219], [256], [256], [256], [256], [256], [256]]
Time: 11-52:
[[9], [6], [18], [64], [19], [56], [70], [82], [74], [158], [216], [142], [196], [196], [218], [256], [256], [256], [256], [256]]
Time: 12-01:
[[7], [7], [18], [24], [35], [38], [39], [105], [55], [99], [109], [125], [128], [128], [128], [128], [128], [128], [128], [128]]
Time: 12-03:
[[1, 3], [1, 13], [2, 12], [7, 8], [7, 8], [7, 9], [8, 12], [10, 3], [10, 12], [11, 12], [13, 12], [13, 5], [16, 16], [16, 16], [16, 16], [16, 16], [16, 16], [16, 16], [16, 16], [16, 16]]
Time: 12-03:
[[1, 0], [1, 13], [1, 11], [7, 8], [7, 11], [7, 12], [7, 8], [8, 13], [10, 12], [10, 12], [13, 12], [13, 15], [16, 1], [15, 16], [16, 8], [16, 16], [16, 16], [16, 16], [16, 16], [16, 16]]
Time: 12-34:
[[8], [17], [18], [61], [76], [41], [131], [91], [149], [220], [220], [249], [256], [256], [256], [256], [256], [256], [256], [256]]
Time: 12-35:
[[35], [93], [55], [61], [76], [116], [100], [135], [149], [220], [249], [249], [256], [256], [256], [256], [256], [256], [256], [256]]
Time: 12-43:
[[2], [4], [22], [31], [36], [37], [40], [49], [61], [63], [67], [84], [88], [88], [103], [109], [109], [114], [116], [118]]
Time: 12-55:
[[1, 3], [1, 13], [2, 12], [7, 11], [7, 11], [10, 9], [8, 12], [10, 3], [10, 3], [11, 12], [13, 6], [14, 5], [16, 16], [16, 16], [16, 16], [16, 16], [16, 16], [16, 16], [16, 16], [16, 16]]
Time: 12-56:
[[0, 3], [1, 13], [2, 12], [7, 5], [7, 8], [8, 14], [8, 8], [10, 3], [10, 12], [11, 12], [13, 3], [14, 5], [16, 16], [16, 7], [16, 16], [16, 16], [16, 16], [16, 16], [16, 16], [16, 16]]
Time: 13-16:
[[8], [17], [18], [22], [22], [82], [89], [91], [95], [127], [133], [142], [147], [181], [185], [253], [256], [256], [256], [256]]
Time: 13-17:
[[8], [17], [18], [22], [22], [82], [89], [91], [91], [87], [82], [142], [147], [203], [185], [253], [185], [256], [256], [256]]
Time: 13-26:
[[7], [7], [23], [24], [35], [38], [39], [47], [55], [99], [83], [125], [108], [128], [128], [128], [128], [128], [128], [128]]
Time: 13-45:
[[0, 0], [1, 11], [1, 11], [3, 8], [3, 8], [7, 14], [8, 8], [8, 13], [10, 2], [10, 3], [13, 3], [14, 15], [15, 1], [15, 7], [16, 16], [16, 16], [16, 16], [16, 16], [16, 16], [16, 16]]
Time: 13-47:
[[0, 0], [1, 11], [1, 11], [3, 8], [3, 8], [7, 14], [8, 8], [8, 12], [10, 2], [10, 3], [13, 3], [14, 15], [15, 1], [15, 7], [16, 16], [16, 16], [16, 16], [16, 16], [16, 16], [16, 16]]
Time: 13-56:
[[35], [45], [37], [61], [76], [116], [131], [135], [149], [220], [249], [249], [215], [256], [256], [256], [256], [256], [256], [256]]
Time: 13-58:
[[110], [110], [128], [133], [140], [140], [181], [194], [194], [205], [205], [208], [214], [219], [256], [256], [256], [256], [256], [256]]
Time: 14-06:
[[1], [17], [16], [37], [43], [17], [57], [55], [71], [105], [105], [85], [105], [128], [128], [128], [128], [128], [128], [128]]
Time: 14-35:
[[0, 0], [1, 11], [1, 0], [3, 8], [3, 8], [7, 14], [8, 8], [8, 13], [10, 2], [10, 3], [13, 3], [14, 15], [15, 1], [15, 7], [16, 16], [16, 16], [16, 16], [16, 16], [16, 16], [16, 16]]
Time: 14-36:
[[35], [45], [55], [85], [76], [189], [131], [135], [149], [220], [249], [249], [256], [256], [256], [256], [256], [256], [256], [256]]
Time: 14-37:
[[0, 0], [1, 11], [1, 12], [3, 8], [3, 8], [7, 14], [8, 8], [8, 13], [10, 2], [10, 3], [13, 3], [14, 15], [15, 1], [15, 7], [16, 16], [16, 16], [16, 16], [16, 16], [16, 16], [16, 16]]
Time: 14-39:
[[9], [26], [9], [52], [71], [60], [60], [137], [160], [236], [239], [204], [215], [220], [256], [256], [256], [256], [256], [256]]
Time: 14-45:
[[38], [93], [59], [135], [161], [189], [161], [220], [225], [220], [238], [244], [256], [256], [256], [256], [256], [256], [256], [256]]
Time: 14-46:
[[15], [30], [30], [33], [49], [51], [76], [90], [90], [94], [94], [100], [100], [123], [128], [128], [128], [128], [128], [128]]
Time: 14-47:
[[15], [32], [32], [32], [53], [65], [73], [83], [73], [125], [139], [158], [192], [215], [217], [222], [225], [248], [225], [256]]
Time: 14-55:
[[5], [7], [7], [27], [35], [46], [47], [46], [55], [109], [123], [124], [128], [128], [128], [128], [128], [128], [128], [128]]
Time: 15-23:
[[0, 4], [0, 7], [2, 12], [3, 2], [3, 8], [4, 4], [4, 4], [3, 15], [5, 15], [6, 8], [7, 2], [7, 12], [8, 4], [8, 8], [9, 8], [9, 16], [10, 2], [11, 2], [12, 8], [14, 1]]
Time: 15-24:
[[69], [76], [96], [135], [170], [189], [199], [220], [225], [225], [238], [244], [256], [256], [256], [256], [256], [256], [256], [256]]
Time: 15-26:
[[0, 4], [0, 11], [3, 12], [3, 2], [3, 10], [4, 0], [4, 8], [5, 15], [7, 15], [6, 8], [8, 2], [8, 12], [11, 15], [11, 6], [12, 8], [12, 1], [12, 15], [14, 1], [14, 8], [15, 16]]
Time: 15-29:
[[35], [45], [55], [61], [76], [116], [131], [135], [149], [220], [249], [249], [256], [256], [256], [256], [256], [256], [256], [256]]
Time: 15-32:
[[0, 0], [1, 11], [1, 11], [3, 8], [3, 8], [7, 14], [8, 8], [8, 13], [10, 2], [10, 3], [13, 3], [14, 15], [15, 1], [15, 7], [16, 16], [16, 16], [16, 16], [16, 16], [16, 16], [16, 16]]
Time: 15-35:
[[0, 0], [1, 11], [1, 11], [3, 8], [3, 8], [7, 14], [8, 8], [8, 13], [10, 2], [10, 3], [13, 8], [14, 15], [15, 1], [15, 7], [16, 16], [16, 16], [16, 16], [16, 16], [16, 16], [16, 16]]
Time: 15-37:
[[15], [30], [30], [33], [49], [51], [76], [90], [90], [94], [94], [100], [100], [123], [128], [128], [128], [128], [128], [128]]
Time: 16-04:
[[110], [110], [128], [133], [140], [140], [181], [194], [194], [205], [205], [208], [214], [219], [256], [256], [256], [256], [256], [256]]
Time: 16-11:
[[110], [110], [128], [133], [140], [140], [181], [194], [194], [205], [205], [208], [214], [219], [256], [256], [256], [256], [256], [256]]
Time: 16-17:
[[7], [7], [18], [24], [35], [38], [39], [47], [55], [99], [109], [125], [128], [128], [128], [128], [128], [128], [128], [128]]
Time: 16-21:
[[1, 3], [1, 13], [2, 11], [7, 11], [7, 11], [8, 9], [8, 12], [10, 3], [10, 12], [11, 12], [13, 6], [14, 5], [16, 16], [16, 7], [16, 16], [16, 16], [16, 16], [16, 16], [16, 16], [16, 16]]
Time: 16-25:
[[0, 3], [1, 11], [1, 12], [3, 8], [3, 8], [7, 14], [8, 8], [8, 3], [10, 2], [10, 3], [13, 3], [14, 15], [15, 1], [15, 7], [16, 16], [16, 16], [16, 16], [16, 16], [16, 16], [16, 16]]
Time: 16-45:
[[17], [20], [24], [62], [89], [139], [181], [188], [157], [157], [198], [205], [218], [219], [218], [253], [256], [256], [256], [256]]
Time: 16-52:
[[8], [17], [18], [22], [24], [82], [89], [91], [95], [127], [133], [142], [147], [181], [185], [253], [256], [256], [256], [256]]
Time: 16-58:
[[7], [7], [18], [24], [35], [38], [39], [47], [55], [99], [109], [125], [128], [128], [128], [128], [128], [128], [128], [128]]
Time: 17-10:
[[0, 0], [1, 11], [1, 11], [3, 8], [7, 8], [7, 14], [8, 8], [8, 13], [10, 2], [10, 3], [13, 3], [14, 15], [15, 1], [16, 8], [16, 16], [16, 16], [16, 16], [16, 16], [16, 16], [16, 16]]
Time: 17-15:
[[0, 0], [1, 11], [1, 11], [3, 8], [3, 8], [7, 14], [8, 8], [8, 13], [10, 2], [10, 3], [13, 3], [14, 15], [15, 1], [15, 7], [16, 16], [16, 16], [16, 16], [16, 16], [16, 16], [16, 16]]
Time: 17-25:
[[48], [110], [128], [133], [140], [140], [181], [194], [194], [205], [205], [208], [214], [219], [256], [256], [256], [256], [256], [256]]
Time: 17-32:
[[3], [12], [13], [17], [22], [36], [59], [82], [105], [116], [126], [158], [134], [185], [233], [245], [256], [256], [256], [256]]
Time: 17-47:
[[7], [7], [18], [24], [35], [38], [39], [47], [55], [99], [109], [125], [128], [128], [128], [128], [128], [128], [128], [128]]
Time: 17-59:
[[1, 3], [1, 13], [6, 12], [7, 11], [7, 5], [8, 9], [8, 12], [10, 3], [10, 12], [11, 12], [13, 6], [14, 5], [16, 16], [16, 16], [16, 16], [16, 16], [16, 16], [16, 16], [16, 16], [16, 16]]
Time: 18-05:
[[1, 3], [1, 13], [2, 12], [7, 11], [7, 11], [8, 9], [8, 12], [10, 13], [10, 12], [11, 12], [13, 6], [14, 5], [16, 8], [16, 7], [16, 16], [16, 16], [16, 16], [16, 16], [16, 16], [16, 16]]
Time: 18-06:
[[35], [45], [55], [61], [76], [116], [131], [135], [149], [220], [249], [249], [256], [256], [256], [256], [256], [256], [256], [256]]
Time: 18-13:
[[4], [4], [69], [85], [116], [131], [136], [150], [160], [213], [220], [246], [256], [256], [256], [256], [256], [256], [256], [256]]
Time: 18-14:
[[35], [45], [55], [61], [76], [116], [131], [135], [149], [220], [249], [249], [256], [256], [256], [256], [256], [256], [256], [256]]
Time: 18-21:
[[110], [110], [128], [133], [140], [140], [181], [194], [194], [205], [205], [208], [214], [219], [256], [256], [256], [256], [256], [256]]
Time: 18-27:
[[7], [7], [18], [24], [35], [38], [39], [47], [55], [99], [109], [125], [128], [128], [128], [128], [128], [128], [128], [128]]
Time: 18-35:
[[2], [3], [3], [37], [42], [42], [64], [64], [73], [81], [82], [85], [105], [123], [128], [128], [128], [128], [128], [128]]
Time: 18-48:
[[1, 10], [3, 11], [3, 15], [4, 9], [6, 13], [7, 8], [7, 15], [8, 1], [10, 15], [11, 4], [11, 12], [12, 2], [13, 6], [13, 8], [13, 10], [14, 7], [14, 7], [15, 9], [16, 16], [16, 16]]
Time: 18-54:
[[110], [110], [128], [133], [140], [140], [181], [194], [194], [82], [205], [208], [214], [219], [256], [256], [256], [256], [256], [256]]
Time: 18-55:
[[1, 3], [1, 13], [2, 12], [7, 11], [7, 11], [8, 9], [8, 12], [10, 3], [10, 12], [11, 12], [13, 6], [14, 5], [16, 1], [16, 16], [16, 10], [16, 16], [16, 16], [16, 16], [16, 16], [16, 16]]
Time: 19-02:
[[110], [110], [128], [133], [140], [140], [181], [194], [194], [205], [205], [208], [214], [219], [256], [256], [256], [256], [256], [256]]
Time: 19-16:
[[7], [7], [18], [24], [35], [38], [39], [47], [55], [99], [109], [125], [128], [128], [128], [128], [128], [128], [128], [128]]
Time: 19-35:
[[17], [20], [22], [28], [29], [41], [70], [82], [83], [129], [138], [147], [158], [171], [174], [178], [192], [241], [256], [256]]
Time: 19-38:
[[0, 0], [1, 11], [1, 11], [3, 8], [3, 8], [7, 14], [8, 8], [8, 3], [10, 2], [10, 3], [13, 3], [14, 15], [15, 1], [15, 7], [16, 16], [16, 16], [16, 16], [16, 16], [16, 16], [16, 16]]
Time: 19-43:
[[110], [110], [128], [133], [140], [140], [181], [194], [194], [205], [205], [208], [214], [219], [256], [256], [256], [256], [256], [256]]
Time: 19-46:
[[1, 0], [1, 13], [2, 12], [7, 11], [7, 11], [8, 9], [8, 12], [10, 3], [10, 12], [11, 12], [13, 6], [14, 5], [16, 16], [16, 16], [16, 16], [16, 16], [16, 16], [16, 16], [16, 16], [16, 16]]
Time: 19-47:
[[1, 3], [1, 13], [2, 12], [7, 11], [7, 11], [8, 14], [8, 12], [10, 3], [10, 12], [11, 12], [13, 3], [14, 5], [16, 16], [16, 16], [16, 16], [16, 16], [16, 16], [16, 16], [16, 16], [16, 16]]
Time: 19-54:
[[1, 3], [1, 13], [2, 12], [7, 11], [7, 11], [8, 9], [8, 12], [10, 3], [10, 12], [11, 12], [13, 3], [14, 5], [16, 16], [16, 16], [16, 16], [16, 16], [16, 16], [16, 16], [16, 16], [16, 16]]
Time: 19-56:
[[2], [34], [38], [42], [53], [64], [64], [80], [81], [85], [94], [106], [122], [112], [128], [128], [128], [128], [128], [128]]
Time: 20-16:
[[8], [17], [18], [22], [24], [30], [34], [82], [91], [105], [133], [147], [181], [203], [241], [253], [256], [256], [256], [256]]
Time: 20-24:
[[110], [110], [128], [133], [140], [140], [181], [194], [194], [205], [205], [208], [214], [219], [256], [256], [256], [256], [256], [256]]
Time: 20-36:
[[2, 12], [4, 8], [5, 0], [6, 9], [7, 4], [7, 8], [8, 8], [8, 12], [9, 3], [11, 15], [12, 11], [13, 10], [13, 14], [13, 14], [14, 5], [15, 9], [16, 16], [16, 16], [16, 16], [16, 16]]
Time: 20-36:
[[19], [31], [32], [37], [45], [49], [61], [65], [69], [77], [95], [98], [101], [103], [109], [114], [118], [127], [128], [128]]
Time: 20-44:
[[2, 12], [4, 8], [5, 0], [6, 9], [7, 4], [7, 8], [8, 8], [8, 12], [9, 3], [11, 15], [12, 3], [13, 15], [13, 13], [13, 14], [14, 5], [15, 16], [16, 16], [16, 16], [16, 16], [16, 16]]
Time: 20-56:
[[8], [17], [18], [22], [24], [82], [89], [91], [95], [127], [133], [142], [147], [181], [185], [253], [256], [256], [256], [256]]
Time: 21-05:
[[35], [45], [55], [61], [76], [116], [131], [135], [149], [220], [249], [249], [256], [256], [256], [256], [256], [256], [256], [256]]
Time: 21-16:
[[7], [7], [18], [24], [35], [38], [39], [47], [55], [99], [109], [125], [128], [128], [128], [128], [128], [128], [128], [128]]
Time: 21-31:
[[0, 0], [0, 7], [2, 12], [3, 0], [3, 2], [3, 4], [3, 9], [3, 10], [5, 15], [6, 15], [8, 2], [9, 12], [11, 15], [11, 4], [11, 8], [12, 2], [12, 2], [14, 1], [14, 8], [15, 9]]
Time: 21-35:
[[0, 4], [0, 10], [2, 12], [3, 0], [3, 2], [3, 4], [5, 4], [5, 13], [5, 4], [5, 1], [6, 3], [8, 4], [8, 15], [9, 2], [9, 12], [13, 10], [16, 13], [14, 2], [14, 1], [15, 16]]
Time: 21-37:
[[35], [45], [55], [61], [76], [116], [131], [135], [149], [220], [249], [249], [256], [256], [256], [256], [256], [256], [256], [256]]
Time: 21-45:
[[8], [6], [18], [22], [24], [82], [89], [91], [95], [127], [133], [142], [147], [181], [185], [253], [256], [256], [256], [256]]
Time: 21-45:
[[35], [45], [55], [61], [76], [116], [131], [135], [149], [220], [249], [249], [256], [256], [256], [256], [256], [256], [256], [256]]
Time: 21-54:
[[35], [45], [55], [61], [76], [116], [131], [135], [149], [220], [249], [249], [256], [256], [256], [256], [256], [256], [256], [256]]
Time: 21-56:
[[7], [7], [18], [24], [35], [38], [39], [47], [55], [99], [109], [125], [128], [128], [128], [128], [128], [128], [128], [128]]
Time: 22-05:
[[7], [7], [18], [24], [35], [38], [39], [47], [55], [99], [109], [125], [128], [128], [128], [128], [128], [128], [128], [128]]
Time: 22-20:
[[1, 0], [1, 14], [2, 12], [7, 11], [7, 8], [8, 9], [8, 15], [10, 3], [10, 8], [11, 12], [13, 6], [13, 13], [14, 14], [16, 15], [15, 16], [15, 16], [16, 16], [16, 16], [16, 16], [16, 16]]
Time: 22-24:
[[0, 3], [1, 13], [2, 12], [7, 11], [7, 11], [8, 9], [8, 12], [10, 3], [10, 12], [11, 12], [13, 6], [14, 5], [16, 1], [16, 16], [16, 16], [16, 16], [16, 16], [16, 16], [16, 16], [16, 16]]
Time: 22-25:
[[35], [45], [55], [61], [76], [116], [131], [135], [149], [220], [249], [249], [256], [256], [256], [256], [256], [256], [256], [256]]
Time: 22-34:
[[110], [110], [128], [133], [140], [140], [181], [194], [194], [205], [205], [208], [214], [219], [256], [256], [256], [256], [256], [256]]
Time: 22-44:
[[15], [30], [30], [33], [49], [51], [76], [90], [90], [94], [94], [100], [100], [123], [128], [128], [128], [128], [128], [128]]
Time: 23-06:
[[110], [110], [128], [133], [140], [140], [181], [194], [194], [205], [205], [208], [214], [219], [256], [256], [256], [256], [256], [256]]
Time: 23-09:
[[0, 3], [1, 13], [2, 12], [3, 0], [7, 11], [7, 9], [8, 12], [8, 9], [10, 3], [12, 6], [13, 6], [15, 2], [16, 16], [16, 16], [16, 16], [16, 16], [16, 16], [16, 16], [16, 16], [16, 16]]
Time: 23-12:
[[38], [55], [59], [135], [76], [59], [161], [170], [225], [225], [238], [244], [256], [256], [256], [256], [256], [256], [256], [256]]
Time: 23-14:
[[0, 0], [1, 11], [1, 0], [3, 8], [3, 8], [7, 14], [8, 8], [8, 13], [10, 2], [10, 3], [13, 3], [14, 15], [15, 1], [15, 7], [16, 16], [16, 16], [16, 16], [16, 16], [16, 16], [16, 16]]
Time: 23-24:
[[15], [30], [30], [33], [49], [51], [76], [90], [90], [94], [94], [100], [100], [123], [128], [128], [128], [128], [128], [128]]
Time: 23-46:
[[35], [45], [55], [61], [76], [116], [131], [135], [149], [220], [249], [249], [256], [256], [256], [256], [256], [256], [256], [256]]
Time: 23-53:
[[35], [45], [55], [61], [76], [116], [131], [135], [149], [220], [249], [249], [256], [256], [256], [256], [256], [256], [256], [256]]
Time: 23-59:
[[0, 12], [1, 10], [1, 15], [1, 4], [3, 10], [3, 12], [4, 13], [6, 13], [7, 6], [7, 0], [8, 0], [9, 1], [10, 2], [11, 16], [13, 8], [13, 6], [14, 1], [14, 7], [16, 16], [16, 16]]
Time: 24-04:
[[15], [30], [30], [33], [49], [51], [76], [90], [90], [94], [94], [100], [100], [123], [128], [128], [128], [128], [128], [128]]
Time: 24-06:
[[0, 12], [1, 11], [3, 15], [3, 9], [4, 10], [6, 8], [7, 8], [8, 1], [10, 15], [8, 4], [11, 12], [12, 2], [13, 6], [13, 16], [13, 10], [13, 1], [14, 7], [15, 9], [16, 16], [16, 16]]
Time: 24-07:
[[0, 0], [1, 11], [1, 11], [3, 8], [3, 8], [7, 14], [8, 8], [8, 13], [10, 2], [10, 3], [13, 6], [14, 15], [15, 1], [15, 7], [16, 16], [16, 16], [16, 16], [16, 16], [16, 16], [16, 16]]
Time: 24-14:
[[1, 3], [1, 13], [2, 12], [3, 11], [7, 11], [8, 9], [8, 12], [10, 3], [10, 12], [11, 12], [13, 6], [14, 5], [16, 16], [16, 16], [16, 16], [16, 16], [16, 16], [16, 16], [16, 16], [16, 16]]
Time: 24-27:
[[35], [45], [55], [61], [76], [116], [131], [135], [149], [220], [249], [249], [256], [256], [256], [256], [256], [256], [256], [256]]
Time: 24-34:
[[35], [45], [55], [61], [76], [116], [131], [135], [149], [220], [249], [249], [256], [256], [256], [256], [256], [256], [256], [256]]
Time: 24-44:
[[7], [7], [18], [24], [35], [38], [39], [47], [55], [99], [109], [125], [128], [128], [128], [128], [128], [128], [128], [128]]
Time: 24-56:
[[0, 0], [1, 11], [1, 11], [3, 8], [3, 8], [7, 14], [8, 8], [8, 13], [10, 2], [10, 3], [13, 3], [14, 15], [15, 1], [15, 7], [16, 16], [16, 16], [16, 16], [16, 16], [16, 16], [16, 16]]
Time: 25-04:
[[0, 0], [1, 11], [1, 11], [3, 8], [3, 8], [7, 14], [8, 8], [8, 13], [10, 2], [10, 3], [13, 3], [14, 15], [15, 1], [15, 7], [16, 16], [16, 16], [16, 16], [16, 16], [16, 16], [16, 16]]
Time: 25-07:
[[110], [110], [128], [133], [140], [140], [181], [194], [194], [205], [205], [208], [214], [219], [256], [256], [256], [256], [256], [256]]
Time: 25-14:
[[35], [45], [55], [61], [76], [116], [100], [135], [149], [220], [249], [249], [256], [256], [256], [256], [256], [256], [256], [256]]
Time: 25-16:
[[110], [110], [128], [133], [140], [140], [181], [194], [194], [205], [205], [208], [214], [219], [256], [256], [256], [256], [256], [256]]
Time: 25-22:
[[35], [45], [55], [61], [76], [116], [131], [135], [149], [220], [249], [249], [256], [256], [256], [256], [256], [256], [256], [256]]
Time: 25-23:
[[15], [30], [30], [33], [49], [51], [76], [90], [90], [94], [94], [100], [100], [123], [128], [128], [128], [128], [128], [128]]
Time: 25-32:
[[0], [3], [16], [19], [43], [52], [55], [59], [60], [73], [74], [91], [93], [95], [102], [109], [114], [126], [128], [128]]
Time: 25-45:
[[0, 3], [1, 13], [1, 15], [5, 10], [5, 11], [6, 4], [6, 12], [8, 3], [8, 12], [9, 2], [13, 12], [14, 5], [16, 16], [16, 16], [16, 16], [16, 16], [16, 16], [16, 16], [16, 16], [16, 16]]
Time: 25-52:
[[1, 3], [1, 13], [2, 12], [7, 11], [7, 11], [8, 9], [8, 12], [10, 3], [10, 12], [11, 12], [13, 5], [14, 5], [16, 16], [16, 16], [16, 16], [16, 16], [16, 16], [16, 16], [16, 16], [16, 16]]
Time: 25-57:
[[48], [61], [55], [76], [93], [96], [100], [131], [135], [161], [249], [249], [256], [256], [256], [256], [256], [256], [256], [256]]
Time: 26-03:
[[35], [45], [55], [61], [76], [116], [131], [135], [149], [220], [249], [249], [256], [256], [256], [256], [256], [256], [256], [256]]
Time: 26-12:
[[9], [14], [15], [20], [26], [32], [44], [49], [51], [56], [93], [95], [97], [98], [112], [124], [128], [128], [128], [128]]
Time: 26-34:
[[1, 3], [1, 13], [2, 12], [7, 11], [7, 11], [8, 9], [8, 12], [10, 3], [10, 12], [11, 12], [13, 6], [14, 5], [16, 16], [16, 16], [16, 16], [16, 16], [16, 16], [16, 16], [16, 16], [16, 16]]
Time: 26-38:
[[35], [45], [55], [61], [76], [116], [131], [135], [149], [220], [249], [249], [256], [256], [256], [256], [256], [256], [256], [256]]
Time: 26-42:
[[1, 3], [1, 13], [2, 12], [7, 11], [7, 11], [8, 9], [8, 13], [10, 3], [10, 12], [11, 12], [13, 6], [14, 5], [16, 16], [16, 16], [16, 16], [16, 16], [16, 16], [16, 16], [16, 16], [16, 16]]
Time: 26-44:
[[35], [45], [55], [61], [76], [116], [131], [135], [149], [220], [249], [249], [256], [256], [256], [256], [256], [256], [256], [256]]
Time: 26-52:
[[15], [30], [30], [33], [49], [51], [76], [90], [90], [94], [94], [100], [100], [123], [128], [128], [128], [128], [128], [128]]
Time: 27-18:
[[69], [76], [96], [135], [170], [189], [199], [220], [225], [225], [238], [244], [256], [256], [256], [256], [256], [256], [256], [256]]
Time: 27-22:
[[0, 0], [1, 11], [1, 11], [3, 8], [3, 8], [7, 14], [8, 8], [8, 13], [10, 2], [10, 3], [13, 3], [14, 15], [15, 1], [15, 7], [16, 16], [16, 16], [16, 16], [16, 16], [16, 16], [16, 16]]
Time: 27-23:
[[0, 0], [1, 11], [1, 11], [3, 8], [3, 8], [7, 14], [8, 8], [8, 13], [10, 2], [10, 3], [13, 3], [14, 15], [15, 1], [15, 7], [16, 16], [16, 16], [16, 16], [16, 16], [16, 16], [16, 16]]
Time: 27-24:
[[110], [110], [128], [133], [140], [140], [181], [194], [194], [205], [205], [208], [214], [219], [256], [256], [256], [256], [256], [256]]
Time: 27-32:
[[15], [30], [30], [33], [49], [51], [76], [90], [90], [94], [94], [100], [100], [123], [128], [128], [128], [128], [128], [128]]
Time: 27-58:
[[35], [45], [55], [61], [76], [116], [181], [135], [149], [220], [249], [249], [256], [256], [256], [256], [256], [256], [256], [256]]
Time: 28-05:
[[35], [45], [55], [61], [76], [116], [131], [135], [149], [220], [249], [249], [256], [256], [256], [256], [256], [256], [256], [256]]
Time: 28-12:
[[0, 0], [1, 11], [1, 11], [3, 8], [3, 8], [7, 14], [8, 8], [8, 13], [10, 2], [10, 3], [13, 3], [14, 15], [15, 1], [15, 7], [16, 16], [16, 16], [16, 16], [16, 16], [16, 16], [16, 16]]
Time: 28-13:
[[0, 0], [1, 10], [1, 11], [3, 8], [3, 10], [7, 14], [8, 8], [8, 13], [10, 2], [10, 3], [13, 3], [14, 15], [15, 1], [15, 7], [16, 16], [16, 16], [16, 16], [16, 16], [16, 16], [16, 16]]
Time: 28-13:
[[15], [30], [30], [33], [49], [51], [76], [90], [90], [94], [94], [100], [100], [123], [128], [128], [128], [128], [128], [128]]
Time: 28-20:
[[0, 0], [1, 11], [1, 11], [3, 8], [3, 8], [7, 14], [8, 8], [8, 13], [10, 2], [10, 3], [13, 3], [14, 15], [15, 4], [15, 7], [16, 16], [16, 16], [16, 16], [16, 16], [16, 16], [16, 16]]
Time: 28-21:
[[0, 4], [0, 7], [2, 12], [3, 2], [3, 10], [4, 0], [4, 4], [5, 15], [5, 15], [6, 8], [8, 2], [9, 12], [11, 4], [11, 6], [11, 8], [12, 2], [12, 15], [14, 1], [14, 8], [15, 9]]
Time: 29-08:
[[0, 0], [1, 11], [1, 0], [3, 8], [3, 8], [7, 8], [8, 8], [8, 13], [10, 2], [10, 12], [13, 3], [14, 15], [15, 1], [15, 7], [16, 16], [16, 16], [16, 16], [16, 16], [16, 16], [16, 16]]
Time: 29-10:
[[1, 3], [1, 13], [2, 12], [7, 11], [7, 11], [7, 11], [7, 13], [8, 3], [10, 12], [12, 12], [13, 6], [14, 2], [16, 16], [16, 16], [16, 16], [16, 16], [16, 7], [16, 16], [16, 16], [16, 16]]
Time: 29-58:
[[2, 12], [4, 12], [3, 0], [7, 9], [7, 4], [7, 8], [8, 8], [8, 6], [9, 15], [11, 15], [12, 12], [13, 10], [13, 14], [13, 14], [14, 5], [15, 9], [16, 16], [16, 16], [16, 16], [16, 16]]
Time: 30-00:
[[0, 0], [1, 11], [3, 11], [3, 8], [3, 8], [7, 14], [8, 8], [8, 13], [10, 15], [10, 3], [13, 3], [14, 15], [15, 1], [15, 7], [16, 16], [16, 16], [16, 16], [16, 16], [16, 16], [16, 16]]
Time: 31-21:
[[0, 0], [1, 11], [1, 11], [3, 8], [3, 11], [7, 14], [8, 8], [8, 13], [10, 2], [10, 3], [13, 3], [14, 15], [15, 1], [15, 7], [16, 16], [16, 16], [16, 16], [16, 16], [16, 16], [16, 16]]
Time: 31-37:
[[0, 0], [1, 11], [6, 11], [7, 8], [7, 11], [8, 14], [8, 8], [10, 13], [10, 2], [11, 9], [13, 3], [14, 15], [15, 1], [15, 7], [16, 16], [16, 16], [16, 16], [16, 16], [16, 16], [16, 16]]
Time: 32-10:
[[1, 3], [1, 13], [2, 12], [7, 11], [7, 11], [8, 9], [8, 12], [10, 3], [10, 12], [11, 12], [13, 6], [14, 5], [16, 13], [16, 16], [16, 16], [16, 16], [16, 16], [16, 16], [16, 16], [16, 16]]
Time: 32-27:
[[0, 3], [1, 13], [1, 12], [3, 7], [3, 3], [7, 11], [8, 13], [8, 9], [10, 3], [12, 13], [13, 6], [14, 5], [16, 13], [16, 16], [16, 16], [16, 16], [16, 16], [16, 16], [16, 16], [16, 16]]
Time: 35-14:
[[9], [6], [18], [64], [19], [56], [70], [82], [74], [158], [216], [142], [196], [196], [218], [256], [256], [256], [256], [256]]
Time: 35-18:
[[7], [7], [18], [24], [35], [38], [39], [105], [55], [99], [109], [125], [128], [128], [128], [128], [128], [128], [128], [128]]
Time: 35-47:
[[110], [110], [128], [208], [140], [140], [181], [194], [194], [205], [205], [208], [214], [219], [256], [256], [256], [256], [256], [256]]
Time: 36-02:
[[2], [4], [22], [31], [36], [37], [40], [49], [61], [63], [67], [84], [88], [88], [103], [109], [109], [114], [116], [118]]
Time: 36-31:
[[35], [93], [55], [61], [76], [116], [100], [135], [149], [220], [249], [249], [256], [256], [256], [256], [256], [256], [256], [256]]
Time: 36-47:
[[7], [7], [23], [24], [35], [38], [39], [47], [55], [99], [83], [125], [108], [128], [128], [128], [128], [128], [128], [128]]
Time: 37-11:
[[8], [17], [18], [22], [22], [82], [89], [91], [91], [87], [82], [142], [147], [203], [185], [253], [185], [256], [256], [256]]
Time: 37-28:
[[1], [17], [16], [37], [43], [17], [57], [55], [71], [105], [105], [85], [105], [128], [128], [128], [128], [128], [128], [128]]
Time: 37-51:
[[110], [110], [128], [133], [140], [140], [181], [194], [194], [205], [205], [208], [214], [219], [256], [256], [256], [256], [256], [256]]
Time: 38-08:
[[15], [30], [30], [33], [49], [51], [76], [90], [90], [94], [94], [100], [100], [123], [128], [128], [128], [128], [128], [128]]
Time: 38-17:
[[5], [7], [7], [27], [35], [46], [47], [46], [55], [109], [123], [124], [128], [128], [128], [128], [128], [128], [128], [128]]
Time: 38-30:
[[9], [26], [9], [52], [71], [60], [60], [137], [160], [236], [239], [204], [215], [220], [256], [256], [256], [256], [256], [256]]
Time: 38-40:
[[15], [32], [32], [32], [53], [65], [73], [83], [73], [125], [139], [158], [192], [215], [217], [222], [225], [248], [225], [256]]
Time: 38-58:
[[15], [30], [30], [33], [49], [51], [76], [90], [90], [94], [94], [100], [100], [123], [128], [128], [128], [128], [128], [128]]
Time: 39-19:
[[35], [45], [55], [61], [76], [116], [131], [135], [149], [220], [249], [249], [256], [256], [256], [256], [256], [256], [256], [256]]
Time: 39-41:
[[7], [7], [18], [24], [35], [38], [39], [47], [55], [99], [109], [125], [128], [128], [128], [128], [128], [128], [128], [128]]
Time: 39-59:
[[110], [110], [128], [133], [140], [140], [181], [194], [194], [205], [205], [208], [214], [219], [256], [256], [256], [256], [256], [256]]
Time: 40-21:
[[7], [7], [18], [24], [35], [38], [39], [47], [55], [99], [109], [125], [128], [128], [128], [128], [128], [128], [128], [128]]
Time: 40-39:
[[8], [17], [18], [22], [24], [82], [89], [91], [95], [127], [133], [142], [147], [181], [185], [253], [256], [256], [256], [256]]
Time: 41-02:
[[7], [7], [18], [24], [35], [38], [39], [47], [55], [99], [109], [125], [128], [128], [128], [128], [128], [128], [128], [128]]
Time: 41-19:
[[3], [12], [13], [17], [22], [36], [59], [82], [105], [116], [126], [158], [134], [185], [233], [245], [256], [256], [256], [256]]
Time: 41-41:
[[7], [7], [18], [24], [35], [38], [39], [47], [55], [99], [109], [125], [128], [128], [128], [128], [128], [128], [128], [128]]
Time: 41-50:
[[2], [3], [3], [37], [42], [42], [64], [64], [73], [81], [82], [85], [105], [123], [128], [128], [128], [128], [128], [128]]
Time: 42-00:
[[4], [4], [69], [85], [116], [131], [136], [150], [160], [213], [220], [246], [256], [256], [256], [256], [256], [256], [256], [256]]
Time: 42-09:
[[110], [110], [128], [133], [140], [140], [181], [194], [194], [205], [205], [208], [214], [219], [256], [256], [256], [256], [256], [256]]
Time: 42-31:
[[7], [7], [18], [24], [35], [38], [39], [47], [55], [99], [109], [125], [128], [128], [128], [128], [128], [128], [128], [128]]
Time: 42-49:
[[110], [110], [128], [133], [140], [140], [181], [194], [194], [205], [205], [208], [214], [219], [256], [256], [256], [256], [256], [256]]
Time: 43-13:
[[2], [34], [38], [42], [53], [64], [64], [80], [81], [85], [94], [106], [122], [112], [128], [128], [128], [128], [128], [128]]
Time: 43-28:
[[110], [110], [128], [133], [140], [140], [181], [194], [194], [205], [205], [208], [214], [219], [256], [256], [256], [256], [256], [256]]
Time: 43-55:
[[19], [31], [32], [37], [45], [49], [61], [65], [69], [77], [95], [98], [101], [103], [109], [114], [118], [127], [128], [128]]
Time: 44-08:
[[110], [110], [128], [133], [140], [140], [181], [194], [194], [205], [205], [208], [214], [219], [256], [256], [256], [256], [256], [256]]
Time: 44-37:
[[7], [7], [18], [24], [35], [38], [39], [47], [55], [99], [109], [125], [128], [128], [128], [128], [128], [128], [128], [128]]
Time: 44-48:
[[35], [45], [55], [61], [76], [116], [131], [135], [149], [220], [249], [249], [256], [256], [256], [256], [256], [256], [256], [256]]
Time: 45-19:
[[7], [7], [18], [24], [35], [38], [39], [47], [55], [99], [109], [125], [128], [128], [128], [128], [128], [128], [128], [128]]
Time: 45-28:
[[7], [7], [18], [24], [35], [38], [39], [47], [55], [99], [109], [125], [128], [128], [128], [128], [128], [128], [128], [128]]
Time: 45-29:
[[35], [45], [55], [61], [76], [116], [131], [135], [149], [220], [249], [249], [256], [256], [256], [256], [256], [256], [256], [256]]
Time: 45-37:
[[35], [45], [55], [61], [76], [116], [131], [135], [149], [220], [249], [249], [256], [256], [256], [256], [256], [256], [256], [256]]
Time: 46-09:
[[15], [30], [30], [33], [49], [51], [76], [90], [90], [94], [94], [100], [100], [123], [128], [128], [128], [128], [128], [128]]
Time: 46-17:
[[110], [110], [128], [133], [140], [140], [181], [194], [194], [205], [205], [208], [214], [219], [256], [256], [256], [256], [256], [256]]
Time: 46-51:
[[15], [30], [30], [33], [49], [51], [76], [90], [90], [94], [94], [100], [100], [123], [128], [128], [128], [128], [128], [128]]
Time: 46-58:
[[38], [55], [59], [135], [76], [59], [161], [170], [225], [225], [238], [244], [256], [256], [256], [256], [256], [256], [256], [256]]
Time: 47-32:
[[15], [30], [30], [33], [49], [51], [76], [90], [90], [94], [94], [100], [100], [123], [128], [128], [128], [128], [128], [128]]
Time: 47-38:
[[35], [45], [55], [61], [76], [116], [131], [135], [149], [220], [249], [249], [256], [256], [256], [256], [256], [256], [256], [256]]
Time: 48-14:
[[7], [7], [18], [24], [35], [38], [39], [47], [55], [99], [109], [125], [128], [128], [128], [128], [128], [128], [128], [128]]
Time: 48-18:
[[35], [45], [55], [61], [76], [116], [131], [135], [149], [220], [249], [249], [256], [256], [256], [256], [256], [256], [256], [256]]
Time: 48-56:
[[15], [30], [30], [33], [49], [51], [76], [90], [90], [94], [94], [100], [100], [123], [128], [128], [128], [128], [128], [128]]
Time: 48-59:
[[35], [45], [55], [61], [76], [116], [100], [135], [149], [220], [249], [249], [256], [256], [256], [256], [256], [256], [256], [256]]
Time: 49-05:
[[0], [3], [16], [19], [43], [52], [55], [59], [60], [73], [74], [91], [93], [95], [102], [109], [114], [126], [128], [128]]
Time: 49-07:
[[35], [45], [55], [61], [76], [116], [131], [135], [149], [220], [249], [249], [256], [256], [256], [256], [256], [256], [256], [256]]
Time: 49-47:
[[9], [14], [15], [20], [26], [32], [44], [49], [51], [56], [93], [95], [97], [98], [112], [124], [128], [128], [128], [128]]
Time: 49-48:
[[35], [45], [55], [61], [76], [116], [131], [135], [149], [220], [249], [249], [256], [256], [256], [256], [256], [256], [256], [256]]
Time: 50-29:
[[35], [45], [55], [61], [76], [116], [131], [135], [149], [220], [249], [249], [256], [256], [256], [256], [256], [256], [256], [256]]
Time: 50-29:
[[15], [30], [30], [33], [49], [51], [76], [90], [90], [94], [94], [100], [100], [123], [128], [128], [128], [128], [128], [128]]
Time: 51-10:
[[110], [110], [128], [133], [140], [140], [181], [194], [194], [205], [205], [208], [214], [219], [256], [256], [256], [256], [256], [256]]
Time: 51-11:
[[15], [30], [30], [33], [49], [51], [76], [90], [90], [94], [94], [100], [100], [123], [128], [128], [128], [128], [128], [128]]
Time: 51-50:
[[35], [45], [55], [61], [76], [116], [131], [135], [149], [220], [249], [249], [256], [256], [256], [256], [256], [256], [256], [256]]
Time: 51-54:
[[15], [30], [30], [33], [49], [51], [76], [90], [90], [94], [94], [100], [100], [123], [128], [128], [128], [128], [128], [128]]
Time: 52-55:
[[1], [10], [13], [16], [22], [30], [33], [56], [77], [87], [90], [123], [155], [169], [173], [173], [186], [192], [200], [228]]
Time: 53-16:
[[4], [17], [26], [43], [44], [48], [58], [59], [62], [73], [80], [83], [96], [97], [104], [123], [128], [128], [128], [128]]
