iter0: [257 258 258 258 258 258 258 258 258 258 258  72 258 258 258 258 258 258
 258 258 258]
iter1: [257 258 258 258 258 258 258 258 258 258 258  72 258 258 258 258 258 258
 258 258  12]
iter2: [257 258 258 184 258 258 258 258 258 258 258  72 258 258 258 258 258 258
 258 258  12]
iter3: [257 258 258 184 258 258 258 258 258 258 258  72 258 258 258 258 258 258
  12 258  12]
iter4: [257 258 258 184 258 258 129 258 258 258 258  72 258 258 258 258  53 258
  12 258  12]
iter5: [257 258  44 184 258 258 129 258  53 258 258  72 258 258  94 258  53 258
  12 258  12]
iter6: [257 258  44 184  73 258 129 258  53 258 258  72 258 258  94 258  53 258
  12  12  12]
iter7: [257 258  44 184  73 185 129 258  53 258 258  72 258 247  94 258  53  12
  12  12  12]
iter8: [257 172  44 184  73 185 129 258  53 258 258  72  12 247  94  53  53  12
  12  12  12]
iter9: [257 172  44 184  73 185 129 120  53  72  94  72  12 247  94  53  53  12
  12  12  12]
==============
iter0: [257 258 258 258 258 258 258 258 258 258 258 258 258 258 258 258 258 195 258 258 258]
iter1: [257 258 258 258  12 258 258 258 258 258 258 258 258 258 258 258 258 195 258 258 258]
iter2: [257 258 258 258  12 258 258 258 258 258 258 258 258 258 258 258  12 195 258 258 258]
iter3: [257 258 258 258  12 258 258 258 258 258 258 258 258  44 258 258  12 195 258 258 258]
iter4: [257 258 258  73  12 258 258 258 258 258 258 258 258  44 258 258  12 195 258 258 158]
iter5: [257 258 258  73  12 258 258 258  12 258 258 258  72  44 258 247  12 195 258 258 158]
iter6: [257 258 258  73  12  12 258 258  12 258 258 258  72  44  12 247  12 195 258 258 158]
iter7: [257 258  12  73  12  12 258  12  12 258 258 258  72  44  12 247  12 195 258  12 158]
iter8: [257  94  12  73  12  12 258  12  12 247  44 258  72  44  12 247  12 195 258  12 158]
iter9: [257  94  12  73  12  12 129  12  12 247  44  73  72  44  12 247  12 195  16  12 158]
==============
iter0: [257 258 258 258 258 258 258 258 258 258 258 258 258 258 258 258 258 258 258 258  12]
iter1: [257 258 258 258 258 258 185 258 258 258 258 258 258 258 258 258 258 258 258 258  12]
iter2: [257 258 258 184 258 258 185 258 258 258 258 258 258 258 258 258 258 258 258 258  12]
iter3: [257 258 258 184  12 258 185 258 258 258 258 258 258 258 258 258 258 258 258 258  12]
iter4: [257 258 258 184  12 258 185 258 258 258 258 258 258 258 258 258 129 129 258 258  12]
iter5: [257 258 258 184  12  94 185  44 258  44 258 258 258 258 258 258 129 129 258 258  12]
iter6: [257 258 258 184  12  94 185  44 258  44  12 258 258 258 258  26 129 129 258 258  12]
iter7: [257  73 258 184  12  94 185  44 258  44  12 258 247 258 258  26 129 129 258  12  12]
iter8: [257  73 258 184  12  94 185  44 258  44  12 247 247  12  78  26 129 129 258  12  12]
iter9: [257  73 158 184  12  94 185  44  12  44  12 247 247  12  78  26 129 129   9  12  12]
==============
iter0: [257 258 258 258 258 258 258 258 258 258 258 258 258 258 258 258 258 258 252 258 258]
iter1: [257 258 184 258 258 258 258 258 258 258 258 258 258 258 258 258 258 258 252 258 258]
iter2: [257 258 184 258 258 258 258 258 258 258 258 258 258 258 258 258 258  12 252 258 258]
iter3: [257 258 184  12 258 258 258 258 258 258 258 258 258 258 258 258 258  12 252 258 258]
iter4: [257 258 184  12 258 258 258 258 258 258 195 258 258 258 258 258 258  12 252 258  26]
iter5: [257 258 184  12 258 258 258  12 258 158 195 258 258 258 258 258 258  12 252 195  26]
iter6: [257  12 184  12 258 258 258  12 258 158 195 258 258 258  12 258 258  12 252 195  26]
iter7: [257  12 184  12  16 258  94  12 258 158 195 258 158 258  12 258 258  12 252 195  26]
iter8: [257  12 184  12  16 258  94  12  12 158 195  16 158 258  12 258 129  12 252 195  26]
iter9: [257  12 184  12  16 156  94  12  12 158 195  16 158 120  12  94 129  12 252 195  26]
==============
iter0: [257 258 258 258 258 258 258 258 258 258 258 258 258 258 258 258 258 258 258 158 258]
iter1: [257 258 258 258 258 258 258 258 258 258 258 258 258 258  26 258 258 258 258 158 258]
iter2: [257 258 258 258  72 258 258 258 258 258 258 258 258 258  26 258 258 258 258 158 258]
iter3: [257 258 258 258  72 258 258 258 258 258 258 258 258 258  26 258 258 258 258 158  12]
iter4: [257  78 258 258  72 258 258 258 258 258 258 258 258 258  26 129 258 258 258 158  12]
iter5: [257  78 258 258  72 247  78 258 258 258 258 258 258 258  26 129 195 258 258 158  12]
iter6: [257  78 258 258  72 247  78 258 258 129 258 258 258 258  26 129 195 258 247 158  12]
iter7: [257  78 258 258  72 247  78  12  72 129  44 258 258 258  26 129 195 258 247 158  12]
iter8: [257  78 195 258  72 247  78  12  72 129  44  12  44 258  26 129 195 258 247 158  12]
iter9: [257  78 195   9  72 247  78  12  72 129  44  12  44 185  26 129 195 157 247 158  12]
==============
iter0: [257 258 258 258 258 258 258 258 258 258 258 258 258 258 258 258 258 184 258 258 258]
iter1: [257 258 258 258 258 258  44 258 258 258 258 258 258 258 258 258 258 184 258 258 258]
iter2: [257 258 258 258 258 258  44 252 258 258 258 258 258 258 258 258 258 184 258 258 258]
iter3: [257 258 258 258 258 258  44 252 247 258 258 258 258 258 258 258 258 184 258 258 258]
iter4: [257 258  73 258  26 258  44 252 247 258 258 258 258 258 258 258 258 184 258 258 258]
iter5: [257 258  73 258  26 258  44 252 247 158 120 258 258 258 258 258 258 184 258  78 258]
iter6: [257 247  73 258  26 258  44 252 247 158 120 258 258 258 258  12 258 184 258  78 258]
iter7: [257 247  73  12  26 258  44 252 247 158 120 258 258  26 258  12  12 184 258  78 258]
iter8: [257 247  73  12  26 258  44 252 247 158 120 258  12  26 258  12  12 184  12  78 120]
iter9: [257 247  73  12  26  26  44 252 247 158 120  94  12  26 172  12  12 184  12  78 120]
==============
iter0: [257 258 258 120 258 258 258 258 258 258 258 258 258 258 258 258 258 258 258 258 258]
iter1: [257 258 258 120 258 258 258 258  16 258 258 258 258 258 258 258 258 258 258 258 258]
iter2: [257 258 258 120 258 258 258 258  16 258 258 258 258 258 258 258 258 258  78 258 258]
iter3: [257 258 258 120 258 129 258 258  16 258 258 258 258 258 258 258 258 258  78 258 258]
iter4: [257 258 258 120 258 129 258 258  16 258 258 258 258  12 258 172 258 258  78 258 258]
iter5: [257 258 258 120  12 129 258  16  16 258 258 258 258  12 195 172 258 258  78 258 258]
iter6: [257  44 258 120  12 129 258  16  16 258 258 258 258  12 195 172 247 258  78 258 258]
iter7: [257  44 258 120  12 129  73  16  16 258 129 258 258  12 195 172 247  12  78 258 258]
iter8: [257  44 158 120  12 129  73  16  16  44 129 158 258  12 195 172 247  12  78 258 258]
iter9: [257  44 158 120  12 129  73  16  16  44 129 158  12  12 195 172 247  12  78 247 172]
==============
iter0: [257 258 258 258 258 258 258 258 258 258 258 258 258 258 258 258 258 258  94 258 258]
iter1: [257 258 258 258 258 258 258 258 258 258 258 258 258 258  12 258 258 258  94 258 258]
iter2: [257  44 258 258 258 258 258 258 258 258 258 258 258 258  12 258 258 258  94 258 258]
iter3: [257  44 258 258 258 258 258 258 258 258 258 258 258 258  12 258 258 258  94 245 258]
iter4: [257  44 258 258 258 258 258 258  12 258 258 258  44 258  12 258 258 258  94 245 258]
iter5: [257  44 258 258 258 258 258 258  12 258  12 258  44  12  12 258 258   4  94 245 258]
iter6: [257  44  12 258 258 258 258 258  12 129  12 258  44  12  12 258 258   4  94 245 258]
iter7: [257  44  12  44 258 258 258 258  12 129  12 258  44  12  12  44 258   4  94 245  12]
iter8: [257  44  12  44 258 247  12 258  12 129  12  26  44  12  12  44 258   4  94 245  12]
iter9: [257  44  12  44  44 247  12 120  12 129  12  26  44  12  12  44 252   4  94 245  12]
==============
iter0: [257 258 258  78 258 258 258 258 258 258 258 258 258 258 258 258 258 258 258 258 258]
iter1: [257 258 258  78  12 258 258 258 258 258 258 258 258 258 258 258 258 258 258 258 258]
iter2: [257 258 258  78  12 258 258 258 258 258 258 258 258 258 258 258 240 258 258 258 258]
iter3: [257 258 258  78  12 258 258 258 258 258 258 258 258 258 140 258 240 258 258 258 258]
iter4: [257 258 258  78  12 258 258 258 258 258 258  64 258 258 140 258 240  12 258 258 258]
iter5: [257 258 258  78  12 258 258 258 258 245 258  64   4 258 140 240 240  12 258 258 258]
iter6: [257 258 258  78  12 258 258  12 258 245 240  64   4 258 140 240 240  12 258 258 258]
iter7: [257 258 258  78  12 258 258  12 258 245 240  64   4  73 140 240 240  12  78 247 258]
iter8: [257  12  73  78  12  73 258  12 258 245 240  64   4  73 140 240 240  12  78 247 258]
iter9: [257  12  73  78  12  73  53  12 247 245 240  64   4  73 140 240 240  12  78 247  18]
==============
iter0: [257 258 258 258 258 258 258 258 258 258 258  72 258 258 258 258 258 258
 258 258 258]
iter1: [257 258 258 258 258 258 258 258 258 258 258  72 258 258 258 258 258 258
 258 258  12]
iter2: [257 258 258 184 258 258 258 258 258 258 258  72 258 258 258 258 258 258
 258 258  12]
iter3: [257 258 258 184 258 258 258 258 258 258 258  72 258 258 258 258 258 258
  12 258  12]
iter4: [257 258 258 184 258 258 129 258 258 258 258  72 258 258 258 258  53 258
  12 258  12]
iter5: [257 258  44 184 258 258 129 258  53 258 258  72 258 258  94 258  53 258
  12 258  12]
iter6: [257 258  44 184  73 258 129 258  53 258 258  72 258 258  94 258  53 258
  12  12  12]
iter7: [257 258  44 184  73 185 129 258  53 258 258  72 258 247  94 258  53  12
  12  12  12]
iter8: [257 172  44 184  73 185 129 258  53 258 258  72  12 247  94  53  53  12
  12  12  12]
iter9: [257 172  44 184  73 185 129 120  53  72  94  72  12 247  94  53  53  12
  12  12  12]
==============
iter0: [257 258 258 258 258 258 258 258 258 258 258 258 258 258 258 258 258 195 258 258 258]
iter1: [257 258 258 258  12 258 258 258 258 258 258 258 258 258 258 258 258 195 258 258 258]
iter2: [257 258 258 258  12 258 258 258 258 258 258 258 258 258 258 258  12 195 258 258 258]
iter3: [257 258 258 258  12 258 258 258 258 258 258 258 258  44 258 258  12 195 258 258 258]
iter4: [257 258 258  73  12 258 258 258 258 258 258 258 258  44 258 258  12 195 258 258 158]
iter5: [257 258 258  73  12 258 258 258  12 258 258 258  72  44 258 247  12 195 258 258 158]
iter6: [257 258 258  73  12  12 258 258  12 258 258 258  72  44  12 247  12 195 258 258 158]
iter7: [257 258  12  73  12  12 258  12  12 258 258 258  72  44  12 247  12 195 258  12 158]
iter8: [257  94  12  73  12  12 258  12  12 247  44 258  72  44  12 247  12 195 258  12 158]
iter9: [257  94  12  73  12  12 129  12  12 247  44  73  72  44  12 247  12 195  16  12 158]
==============
iter0: [257 258 258 258 258 258 258 258 258 258 258  72 258 258 258 258 258 258
 258 258 258]
iter1: [257 258 258 258 258 258 258 258 258 258 258  72 258 258 258 258 258 258
 258 258  12]
iter2: [257 258 258 184 258 258 258 258 258 258 258  72 258 258 258 258 258 258
 258 258  12]
iter3: [257 258 258 184 258 258 258 258 258 258 258  72 258 258 258 258 258 258
  12 258  12]
iter4: [257 258 258 184 258 258 129 258 258 258 258  72 258 258 258 258  53 258
  12 258  12]
iter5: [257 258  44 184 258 258 129 258  53 258 258  72 258 258  94 258  53 258
  12 258  12]
iter6: [257 258  44 184  73 258 129 258  53 258 258  72 258 258  94 258  53 258
  12  12  12]
iter7: [257 258  44 184  73 185 129 258  53 258 258  72 258 247  94 258  53  12
  12  12  12]
iter8: [257 172  44 184  73 185 129 258  53 258 258  72  12 247  94  53  53  12
  12  12  12]
iter9: [257 172  44 184  73 185 129 120  53  72  94  72  12 247  94  53  53  12
  12  12  12]
==============
iter0: [257 258 258 258 258 258 258 258 258 258 258 258 258 258 258 258 258 195 258 258 258]
iter1: [257 258 258 258  12 258 258 258 258 258 258 258 258 258 258 258 258 195 258 258 258]
iter2: [257 258 258 258  12 258 258 258 258 258 258 258 258 258 258 258  12 195 258 258 258]
iter3: [257 258 258 258  12 258 258 258 258 258 258 258 258  44 258 258  12 195 258 258 258]
iter4: [257 258 258  73  12 258 258 258 258 258 258 258 258  44 258 258  12 195 258 258 158]
iter5: [257 258 258  73  12 258 258 258  12 258 258 258  72  44 258 247  12 195 258 258 158]
iter6: [257 258 258  73  12  12 258 258  12 258 258 258  72  44  12 247  12 195 258 258 158]
iter7: [257 258  12  73  12  12 258  12  12 258 258 258  72  44  12 247  12 195 258  12 158]
iter8: [257  94  12  73  12  12 258  12  12 247  44 258  72  44  12 247  12 195 258  12 158]
iter9: [257  94  12  73  12  12 129  12  12 247  44  73  72  44  12 247  12 195  16  12 158]
==============
iter0: [257 258 258 258 258 258 258 258 258 258 258 258 258 258 258 258 258 258 258 258  12]
iter1: [257 258 258 258 258 258 185 258 258 258 258 258 258 258 258 258 258 258 258 258  12]
iter2: [257 258 258 184 258 258 185 258 258 258 258 258 258 258 258 258 258 258 258 258  12]
iter3: [257 258 258 184  12 258 185 258 258 258 258 258 258 258 258 258 258 258 258 258  12]
iter4: [257 258 258 184  12 258 185 258 258 258 258 258 258 258 258 258 129 129 258 258  12]
iter5: [257 258 258 184  12  94 185  44 258  44 258 258 258 258 258 258 129 129 258 258  12]
iter6: [257 258 258 184  12  94 185  44 258  44  12 258 258 258 258  26 129 129 258 258  12]
iter7: [257  73 258 184  12  94 185  44 258  44  12 258 247 258 258  26 129 129 258  12  12]
iter8: [257  73 258 184  12  94 185  44 258  44  12 247 247  12  78  26 129 129 258  12  12]
iter9: [257  73 158 184  12  94 185  44  12  44  12 247 247  12  78  26 129 129   9  12  12]
==============
iter0: [257 258 258 258 258 258 258 258 258 258 258 258 258 258 258 258 258 258 252 258 258]
iter1: [257 258 184 258 258 258 258 258 258 258 258 258 258 258 258 258 258 258 252 258 258]
iter2: [257 258 184 258 258 258 258 258 258 258 258 258 258 258 258 258 258  12 252 258 258]
iter3: [257 258 184  12 258 258 258 258 258 258 258 258 258 258 258 258 258  12 252 258 258]
iter4: [257 258 184  12 258 258 258 258 258 258 195 258 258 258 258 258 258  12 252 258  26]
iter5: [257 258 184  12 258 258 258  12 258 158 195 258 258 258 258 258 258  12 252 195  26]
iter6: [257  12 184  12 258 258 258  12 258 158 195 258 258 258  12 258 258  12 252 195  26]
iter7: [257  12 184  12  16 258  94  12 258 158 195 258 158 258  12 258 258  12 252 195  26]
iter8: [257  12 184  12  16 258  94  12  12 158 195  16 158 258  12 258 129  12 252 195  26]
iter9: [257  12 184  12  16 156  94  12  12 158 195  16 158 120  12  94 129  12 252 195  26]
==============
iter0: [257 258 258 258 258 258 258 258 258 258 258 258 258 258 258 258 258 258 258 158 258]
iter1: [257 258 258 258 258 258 258 258 258 258 258 258 258 258  26 258 258 258 258 158 258]
iter2: [257 258 258 258  72 258 258 258 258 258 258 258 258 258  26 258 258 258 258 158 258]
iter3: [257 258 258 258  72 258 258 258 258 258 258 258 258 258  26 258 258 258 258 158  12]
iter4: [257  78 258 258  72 258 258 258 258 258 258 258 258 258  26 129 258 258 258 158  12]
iter5: [257  78 258 258  72 247  78 258 258 258 258 258 258 258  26 129 195 258 258 158  12]
iter6: [257  78 258 258  72 247  78 258 258 129 258 258 258 258  26 129 195 258 247 158  12]
iter7: [257  78 258 258  72 247  78  12  72 129  44 258 258 258  26 129 195 258 247 158  12]
iter8: [257  78 195 258  72 247  78  12  72 129  44  12  44 258  26 129 195 258 247 158  12]
iter9: [257  78 195   9  72 247  78  12  72 129  44  12  44 185  26 129 195 157 247 158  12]
==============
iter0: [257 258 258 258 258 258 258 258 258 258 258 258 258 258 258 258 258 184 258 258 258]
iter1: [257 258 258 258 258 258  44 258 258 258 258 258 258 258 258 258 258 184 258 258 258]
iter2: [257 258 258 258 258 258  44 252 258 258 258 258 258 258 258 258 258 184 258 258 258]
iter3: [257 258 258 258 258 258  44 252 247 258 258 258 258 258 258 258 258 184 258 258 258]
iter4: [257 258  73 258  26 258  44 252 247 258 258 258 258 258 258 258 258 184 258 258 258]
iter5: [257 258  73 258  26 258  44 252 247 158 120 258 258 258 258 258 258 184 258  78 258]
iter6: [257 247  73 258  26 258  44 252 247 158 120 258 258 258 258  12 258 184 258  78 258]
iter7: [257 247  73  12  26 258  44 252 247 158 120 258 258  26 258  12  12 184 258  78 258]
iter8: [257 247  73  12  26 258  44 252 247 158 120 258  12  26 258  12  12 184  12  78 120]
iter9: [257 247  73  12  26  26  44 252 247 158 120  94  12  26 172  12  12 184  12  78 120]
==============
iter0: [257 258 258 120 258 258 258 258 258 258 258 258 258 258 258 258 258 258 258 258 258]
iter1: [257 258 258 120 258 258 258 258  16 258 258 258 258 258 258 258 258 258 258 258 258]
iter2: [257 258 258 120 258 258 258 258  16 258 258 258 258 258 258 258 258 258  78 258 258]
iter3: [257 258 258 120 258 129 258 258  16 258 258 258 258 258 258 258 258 258  78 258 258]
iter4: [257 258 258 120 258 129 258 258  16 258 258 258 258  12 258 172 258 258  78 258 258]
iter5: [257 258 258 120  12 129 258  16  16 258 258 258 258  12 195 172 258 258  78 258 258]
iter6: [257  44 258 120  12 129 258  16  16 258 258 258 258  12 195 172 247 258  78 258 258]
iter7: [257  44 258 120  12 129  73  16  16 258 129 258 258  12 195 172 247  12  78 258 258]
iter8: [257  44 158 120  12 129  73  16  16  44 129 158 258  12 195 172 247  12  78 258 258]
iter9: [257  44 158 120  12 129  73  16  16  44 129 158  12  12 195 172 247  12  78 247 172]
==============
iter0: [257 258 258 258 258 258 258 258 258 258 258 258 258 258 258 258 258 258  94 258 258]
iter1: [257 258 258 258 258 258 258 258 258 258 258 258 258 258  12 258 258 258  94 258 258]
iter2: [257  44 258 258 258 258 258 258 258 258 258 258 258 258  12 258 258 258  94 258 258]
iter3: [257  44 258 258 258 258 258 258 258 258 258 258 258 258  12 258 258 258  94 245 258]
iter4: [257  44 258 258 258 258 258 258  12 258 258 258  44 258  12 258 258 258  94 245 258]
iter5: [257  44 258 258 258 258 258 258  12 258  12 258  44  12  12 258 258   4  94 245 258]
iter6: [257  44  12 258 258 258 258 258  12 129  12 258  44  12  12 258 258   4  94 245 258]
iter7: [257  44  12  44 258 258 258 258  12 129  12 258  44  12  12  44 258   4  94 245  12]
iter8: [257  44  12  44 258 247  12 258  12 129  12  26  44  12  12  44 258   4  94 245  12]
iter9: [257  44  12  44  44 247  12 120  12 129  12  26  44  12  12  44 252   4  94 245  12]
==============
iter0: [257 258 258  78 258 258 258 258 258 258 258 258 258 258 258 258 258 258 258 258 258]
iter1: [257 258 258  78  12 258 258 258 258 258 258 258 258 258 258 258 258 258 258 258 258]
iter2: [257 258 258  78  12 258 258 258 258 258 258 258 258 258 258 258 240 258 258 258 258]
iter3: [257 258 258  78  12 258 258 258 258 258 258 258 258 258 140 258 240 258 258 258 258]
iter4: [257 258 258  78  12 258 258 258 258 258 258  64 258 258 140 258 240  12 258 258 258]
iter5: [257 258 258  78  12 258 258 258 258 245 258  64   4 258 140 240 240  12 258 258 258]
iter6: [257 258 258  78  12 258 258  12 258 245 240  64   4 258 140 240 240  12 258 258 258]
iter7: [257 258 258  78  12 258 258  12 258 245 240  64   4  73 140 240 240  12  78 247 258]
iter8: [257  12  73  78  12  73 258  12 258 245 240  64   4  73 140 240 240  12  78 247 258]
iter9: [257  12  73  78  12  73  53  12 247 245 240  64   4  73 140 240 240  12  78 247  18]
==============
iter0: [257 258 258 258 258 258 258 258 258 258 258  64 258 258 258 258 258 258
 258 258 258]
iter1: [257 258 258 258 258 258 258 258 152 258 258  64 258 258 258 258 258 258
 258 258 258]
iter2: [257 258 258  52 258 258 258 258 152 258 258  64 258 258 258 258 258 258
 258 258 258]
iter3: [257 258 258  52 258 258 258 258 152 258 258  64 258 258 258 258 258 258
 138 258 258]
iter4: [257 258 258  52 258 258 258 258 152 258 258  64 131 258 258 258  21 258
 138 258 258]
iter5: [257 258  44  52 258 258 258 258 152 258 258  64 131 258 114 258  21 258
 138 258  25]
iter6: [257 258  44  52 258 258  65 258 152  26 258  64 131 258 114 258  21 258
 138 258  25]
iter7: [257 258  44  52 258 258  65 108 152  26 258  64 131 108 114 176  21 258
 138 258  25]
iter8: [257  10  44  52 258 208  65 108 152  26 258  64 131 108 114 176  21 258
 138 114  25]
iter9: [257  10  44  52  66 208  65 108 152  26  29  64 131 108 114 176  21  91
 138 114  25]
==============
iter0: [257 258 258 258 258 258 258 258 258 258 258 258 258 258 258 258 258 195 258 258 258]
iter1: [257 258 258  47 258 258 258 258 258 258 258 258 258 258 258 258 258 195 258 258 258]
iter2: [257 258 258  47  21 258 258 258 258 258 258 258 258 258 258 258 258 195 258 258 258]
iter3: [257 258 258  47  21 258 120 258 258 258 258 258 258 258 258 258 258 195 258 258 258]
iter4: [257  44 258  47  21 258 120 258 258 258 258 258 258 258 258 258 258 195 258 258   5]
iter5: [257  44 258  47  21 258 120 258 233 258 258 258 210 120 258 258 258 195 258 258   5]
iter6: [257  44 258  47  21 258 120 258 233 258 258 258 210 120 208 258 258 195 258   9   5]
iter7: [257  44 258  47  21 258 120 258 233 258 208 114 210 120 208  75 258 195 258   9   5]
iter8: [257  44 258  47  21 230 120  85 233 258 208 114 210 120 208  75  44 195 258   9   5]
iter9: [257  44  52  47  21 230 120  85 233 234 208 114 210 120 208  75  44 195   5   9   5]
==============
iter0: [257 258 258 258 258 258 258 258 258 258 258 258 258 258 258 258  10 258 258 258 258]
iter1: [257 258 258 258 258 258 258 258 258 258 125 258 258 258 258 258  10 258 258 258 258]
iter2: [257 258 258  85 258 258 258 258 258 258 125 258 258 258 258 258  10 258 258 258 258]
iter3: [257 258 258  85 258 258 258 258 258 258 125 258 258 258 258 258  10 258 258 258 134]
iter4: [257 258 258  85 258 258 258 258 258 258 125 258 102 258 258 258  10 258 243 258 134]
iter5: [257 258 258  85 258 258 258 173 258  44 125 258 102 258 258 258  10 102 243 258 134]
iter6: [257 258 258  85 258 258 258 173 258  44 125 258 102 120 258 138  10 102 243 258 134]
iter7: [257 258  44  85 258 258 258 173 258  44 125 258 102 120 114 138  10 102 243  47 134]
iter8: [257 258  44  85  52 102 258 173 258  44 125 114 102 120 114 138  10 102 243  47 134]
iter9: [257 159  44  85  52 102  90 173 118  44 125 114 102 120 114 138  10 102 243  47 134]
==============
iter0: [257 258 258 258 258 258 258 258 258 258 258 258 258 258 258 258 258 258  75 258 258]
iter1: [257 258  52 258 258 258 258 258 258 258 258 258 258 258 258 258 258 258  75 258 258]
iter2: [257 258  52 258 258 258 258 258 258 258 258 258 258 258 258 258 258  12  75 258 258]
iter3: [257 258  52 258 258 258 258 258 258 258 258 258 258 258 138 258 258  12  75 258 258]
iter4: [257 138  52 258 258 258 258 258 258 258 195 258 258 258 138 258 258  12  75 258 258]
iter5: [257 138  52 258 125 138 258 258  26 258 195 258 258 258 138 258 258  12  75 258 258]
iter6: [257 138  52  26 125 138 258 258  26 258 195 258 258 258 138 120 258  12  75 258 258]
iter7: [257 138  52  26 125 138  94 258  26 258 195  91 258 120 138 120 258  12  75 258 258]
iter8: [257 138  52  26 125 138  94 176  26 258 195  91 115 120 138 120 114  12  75 258 258]
iter9: [257 138  52  26 125 138  94 176  26  40 195  91 115 120 138 120 114  12  75 223 239]
==============
iter0: [257 258 258 258 258 258 258 258  26 258 258 258 258 258 258 258 258 258 258 258 258]
iter1: [257 258 258 258 258 258 258 258  26 258 258 258 258 258 125 258 258 258 258 258 258]
iter2: [257 258 258 258 212 258 258 258  26 258 258 258 258 258 125 258 258 258 258 258 258]
iter3: [257 258 258 258 212 258 258 258  26 258 258 258 258  12 125 258 258 258 258 258 258]
iter4: [257 176 258 258 212 258 258 258  26 258 258 258 258  12 125 258 258 258  52 258 258]
iter5: [257 176 138 258 212 258 258 258  26 258 125 131 258  12 125 258 258 258  52 258 258]
iter6: [257 176 138 258 212 258 258 258  26 258 125 131 258  12 125 184 258 258  52 258 125]
iter7: [257 176 138 102 212 258 258 258  26 258 125 131 258  12 125 184 253 253  52 258 125]
iter8: [257 176 138 102 212 258 258 243  26 158 125 131 114  12 125 184 253 253  52 258 125]
iter9: [257 176 138 102 212 172 160 243  26 158 125 131 114  12 125 184 253 253  52  12 125]
==============
iter0: [257 258 258 258 258 258 258 258 258 258 258 258 258 258 258 258 258 184 258 258 258]
iter1: [257 258 258 258 258 258  44 258 258 258 258 258 258 258 258 258 258 184 258 258 258]
iter2: [257 258 258 258 258 258  44 211 258 258 258 258 258 258 258 258 258 184 258 258 258]
iter3: [257 258 258 258 258 258  44 211 211 258 258 258 258 258 258 258 258 184 258 258 258]
iter4: [257 258  71 258 258 258  44 211 211 258 258 258 258 258 258 173 258 184 258 258 258]
iter5: [257 258  71 258   5 258  44 211 211  65 258 258 258 258 258 173 258 184 258  78 258]
iter6: [257 171  71 258   5 258  44 211 211  65 243 258 258 258 258 173 258 184 258  78 258]
iter7: [257 171  71 253   5 258  44 211 211  65 243 258 258 138 258 173 258 184 258  78  44]
iter8: [257 171  71 253   5 108  44 211 211  65 243  65 258 138 258 173 258 184 243  78  44]
iter9: [257 171  71 253   5 108  44 211 211  65 243  65 136 138 138 173  47 184 243  78  44]
==============
iter0: [257 258 258 120 258 258 258 258 258 258 258 258 258 258 258 258 258 258 258 258 258]
iter1: [257 258 258 120 258 258 258 258  95 258 258 258 258 258 258 258 258 258 258 258 258]
iter2: [257 258 258 120 258 258 258 258  95 258 258 258 258 258 258 258 258 258  78 258 258]
iter3: [257 258 258 120 258 193 258 258  95 258 258 258 258 258 258 258 258 258  78 258 258]
iter4: [257 258 258 120 120 193 258  44  95 258 258 258 258 258 258 258 258 258  78 258 258]
iter5: [257 120 258 120 120 193 258  44  95 258 230 258 258 258 138 258 258 258  78 258 258]
iter6: [257 120 258 120 120 193 258  44  95 258 230 258 258 258 138 258 103  65  78 258 258]
iter7: [257 120 258 120 120 193 125  44  95 243 230 258 258 120 138 258 103  65  78 258 258]
iter8: [257 120 258 120 120 193 125  44  95 243 230 230 258 120 138 258 103  65  78 138  65]
iter9: [257 120  79 120 120 193 125  44  95 243 230 230 212 120 138 176 103  65  78 138  65]
==============
iter0: [257 258 258 258 258 258 258 258 258 258 258 258 258 258 258 258 258 258 125 258 258]
iter1: [257 258 258 258 258 258 258 258 258 258 258 258 258 258 184 258 258 258 125 258 258]
iter2: [257 258 258 258 258 258 258 258 258 258 258 258 120 258 184 258 258 258 125 258 258]
iter3: [257 258 258 258 258 258 258 258 258 258 258 258 120 258 184 258 258 258 125 114 258]
iter4: [257 184 258 258 258 258 258 120 258 258 258 258 120 258 184 258 258 258 125 114 258]
iter5: [257 184 258 120 258 258 258 120 258 258 258 120 120 258 184  75 258 258 125 114 258]
iter6: [257 184  12 120 258 258 258 120 258 258 258 120 120 258 184  75  10 258 125 114 258]
iter7: [257 184  12 120 120 258 258 120 258 114 258 120 120 258 184  75  10 258 125 114  52]
iter8: [257 184  12 120 120 134 134 120  26 114 258 120 120 258 184  75  10 258 125 114  52]
iter9: [257 184  12 120 120 134 134 120  26 114 141 120 120  64 184  75  10  16 125 114  52]
==============
iter0: [257 258 258  78 258 258 258 258 258 258 258 258 258 258 258 258 258 258 258 258 258]
iter1: [257 258 258  78 258 258 258 258 258 258 258 258 125 258 258 258 258 258 258 258 258]
iter2: [257 258 258  78 258 258 258 258 258 258 258 258 125 258 258 258  26 258 258 258 258]
iter3: [257 258 258  78 258 258 258 258 258 258 258 258 125 258 211 258  26 258 258 258 258]
iter4: [257 258 258  78 258 258 258 258 258 258 125 258 125 258 211 211  26 258 258 258 258]
iter5: [257 258 258  78 173 258 258 258   9 258 125 258 125 258 211 211  26 258 258 258  87]
iter6: [257 258 258  78 173 258 258 258   9 258 125 258 125 258 211 211  26 170 176 258  87]
iter7: [257 258 258  78 173 120 258 258   9 138 125 258 125 258 211 211  26 170 176 138  87]
iter8: [257 173 258  78 173 120 258 258   9 138 125 243 125  91 211 211  26 170 176 138  87]
iter9: [257 173 150  78 173 120  35 171   9 138 125 243 125  91 211 211  26 170 176 138  87]
==============
iter0: [257 258 258 258 258 129 258 258 258 258 258 258 258 258 258 258 258 258 258 258 258]
iter1: [257 258 258 258 258 129 258 243 258 258 258 258 258 258 258 258 258 258 258 258 258]
iter2: [257 258 258 258 258 129 258 243 258 258 258  73 258 258 258 258 258 258 258 258 258]
iter3: [257 258 125 258 258 129 258 243 258 258 258  73 258 258 258 258 258 258 258 258 258]
iter4: [257 258 125 258 258 129 258 243 138 258 258  73 258 258 258 258 258 258 258 231 258]
iter5: [257 158 125 131 258 129 258 243 138 258 258  73 258 258 258 258 258   5 258 231 258]
iter6: [257 158 125 131 258 129 258 243 138 258 134  73 258 258 258 258 258   5 258 231 211]
iter7: [257 158 125 131 258 129 258 243 138  52 134  73 134 258 258 253 258   5 258 231 211]
iter8: [257 158 125 131 243 129 258 243 138  52 134  73 134 120 258 253 258   5   5 231 211]
iter9: [257 158 125 131 243 129 119 243 138  52 134  73 134 120  79 253 125   5   5 231 211]
==============
iter0: [257 258 258 258 258 258 258 258 258 258 258 258 258 258  99 258 258 258 258 258 258]
iter1: [257 258 258 258 258 258 258 258 258 258 258 258 258 258  99 258 258 258 258 120 258]
iter2: [257 258  85 258 258 258 258 258 258 258 258 258 258 258  99 258 258 258 258 120 258]
iter3: [257 258  85 258 258 258 258 258 258 258 258 134 258 258  99 258 258 258 258 120 258]
iter4: [257 258  85  95 258 258 258 258 258 258 258 134 258 258  99 258 114 258 258 120 258]
iter5: [257 258  85  95 258 138 258 258 258 258 258 134 125 258  99 114 114 258 258 120 258]
iter6: [257 125  85  95 258 138 258 125 258 258 258 134 125 258  99 114 114 258 258 120 258]
iter7: [257 125  85  95 258 138 170 125  64 258 258 134 125 120  99 114 114 258 258 120 258]
iter8: [257 125  85  95 258 138 170 125  64 258  10 134 125 120  99 114 114 170   5 120 258]
iter9: [257 125  85  95  12 138 170 125  64  95  10 134 125 120  99 114 114 170   5 120 102]
==============
iter0: [257 258 258 258 258 258 258 258 138 258 258 258 258 258 258 258 258 258 258 258 258]
iter1: [257 258 258 258 258 258 258 258 138 258 258 258 120 258 258 258 258 258 258 258 258]
iter2: [257 258 258 191 258 258 258 258 138 258 258 258 120 258 258 258 258 258 258 258 258]
iter3: [257 258 258 191 258 258 258 258 138 258 258 258 120 258 258 258 258 258 258 258 210]
iter4: [257 258 258 191 258 258 258 258 138 258 258 258 120 138 258 258 258   0 258 258 210]
iter5: [257 258 136 191 258 258 258 258 138 258 258 258 120 138 258  85 258   0  44 258 210]
iter6: [257 158 136 191 258 258 258 258 138 258  26 258 120 138 258  85 258   0  44 258 210]
iter7: [257 158 136 191 258 258 258 131 138 173  26 258 120 138 258  85 120   0  44 258 210]
iter8: [257 158 136 191 258 258  85 131 138 173  26 136 120 138 258  85 120   0  44  91 210]
iter9: [257 158 136 191 184  13  85 131 138 173  26 136 120 138 176  85 120   0  44  91 210]
==============
iter0: [257 258 258 258 258 258 258 258 258 258 258 258 258 258 258 258 258 258 258 258 120]
iter1: [257 258 125 258 258 258 258 258 258 258 258 258 258 258 258 258 258 258 258 258 120]
iter2: [257 258 125 258 258 152 258 258 258 258 258 258 258 258 258 258 258 258 258 258 120]
iter3: [257 120 125 258 258 152 258 258 258 258 258 258 258 258 258 258 258 258 258 258 120]
iter4: [257 120 125 258 258 152 258 176 258 258 258 258 258 258 258 258 258 258 258 138 120]
iter5: [257 120 125 258 120 152 193 176 258 258 258 258 258 258   5 258 258 258 258 138 120]
iter6: [257 120 125 258 120 152 193 176 258 258 258 258 258 258   5 258 125 258 125 138 120]
iter7: [257 120 125 173 120 152 193 176 258 120 258 258 102 258   5 258 125 258 125 138 120]
iter8: [257 120 125 173 120 152 193 176 258 120  75  44 102 258   5 208 125 258 125 138 120]
iter9: [257 120 125 173 120 152 193 176 120 120  75  44 102 152   5 208 125 207 125 138 120]
==============
iter0: [257 258 258 258 258 258 258 258 258 258 258 258 258 258 258 258 258 258 124 258 258]
iter1: [257 258 258 258 258 114 258 258 258 258 258 258 258 258 258 258 258 258 124 258 258]
iter2: [257 258 258 258 258 114 258 258 258  53 258 258 258 258 258 258 258 258 124 258 258]
iter3: [257 138 258 258 258 114 258 258 258  53 258 258 258 258 258 258 258 258 124 258 258]
iter4: [257 138 258 258 258 114 258 258 258  53 152 258 258 102 258 258 258 258 124 258 258]
iter5: [257 138 258 258 114 114 258 211 258  53 152 258 258 102 258 258 125 258 124 258 258]
iter6: [257 138 114 258 114 114 258 211 258  53 152 258 258 102 258 258 125 120 124 258 258]
iter7: [257 138 114 258 114 114 120 211 258  53 152 258 258 102  65 258 125 120 124 230 258]
iter8: [257 138 114 258 114 114 120 211 258  53 152 120 120 102  65  21 125 120 124 230 258]
iter9: [257 138 114 134 114 114 120 211 230  53 152 120 120 102  65  21 125 120 124 230 172]
==============
iter0: [257 258 258 258 258 258 258 258 258 258 258 258 258 258 258 258 258 258   5 258 258]
iter1: [257 258 258 258 258 138 258 258 258 258 258 258 258 258 258 258 258 258   5 258 258]
iter2: [257 258 258 258 258 138 258 258 258 230 258 258 258 258 258 258 258 258   5 258 258]
iter3: [257 258 258 258 258 138 258 258 258 230   9 258 258 258 258 258 258 258   5 258 258]
iter4: [257 258 258 258 258 138 258 258 173 230   9 258 258 258 138 258 258 258   5 258 258]
iter5: [257  90 258 258 258 138 258 258 173 230   9 258  10 258 138 258 258 258   5 258   0]
iter6: [257  90 258  44 258 138 258 258 173 230   9 258  10 258 138  23 258 258   5 258   0]
iter7: [257  90 258  44 258 138 185 258 173 230   9 125  10 258 138  23 258 258   5 193   0]
iter8: [257  90  44  44 258 138 185  44 173 230   9 125  10 258 138  23  12 258   5 193   0]
iter9: [257  90  44  44  72 138 185  44 173 230   9 125  10 114 138  23  12  10   5 193   0]
==============
iter0: [257 193 258 258 258 258 258 258 258 258 258 258 258 258 258 258 258 258 258 258 258]
iter1: [257 193 258 258 258 258 258 258 258 258  95 258 258 258 258 258 258 258 258 258 258]
iter2: [257 193 258 258 258 258 258 258 258 258  95 258 258 258 258 258 230 258 258 258 258]
iter3: [257 193 258 258 258 258 258 258   5 258  95 258 258 258 258 258 230 258 258 258 258]
iter4: [257 193 258 258 258  95 258 258   5 258  95 258 258 258 258 258 230 208 258 258 258]
iter5: [257 193 102 258 258  95 258 258   5 120  95 185 258 258 258 258 230 208 258 258 258]
iter6: [257 193 102 258 258  95 258 114   5 120  95 185 258 258   5 258 230 208 258 258 258]
iter7: [257 193 102 258  12  95 125 114   5 120  95 185 258 102   5 258 230 208 258 258 258]
iter8: [257 193 102 258  12  95 125 114   5 120  95 185 173 102   5 208 230 208 258 258  10]
iter9: [257 193 102 214  12  95 125 114   5 120  95 185 173 102   5 208 230 208  17 129  10]
==============
iter0: [257 258 258 258 258   7 258 258 258 258 258 258 258 258 258 258 258 258 258 258 258]
iter1: [257 258 258 258 258   7 258 258 252 258 258 258 258 258 258 258 258 258 258 258 258]
iter2: [257 258 258 258 258   7 258 258 252 258  44 258 258 258 258 258 258 258 258 258 258]
iter3: [257 258 258 258 258   7 258 258 252 258  44 258 258 258 258 258 258 258 258 258  52]
iter4: [257 258 258 258 114   7 258 258 252 258  44 258 258 258  65 258 258 258 258 258  52]
iter5: [257 258  26 258 114   7 258 258 252 103  44 258 258 258  65 258 258 258 258  91  52]
iter6: [257 243  26 258 114   7 258 258 252 103  44 258 243 258  65 258 258 258 258  91  52]
iter7: [257 243  26 258 114   7  12 258 252 103  44 258 243 258  65 258  85 125 258  91  52]
iter8: [257 243  26 258 114   7  12 258 252 103  44 136 243 138  65 108  85 125 258  91  52]
iter9: [257 243  26 102 114   7  12  16 252 103  44 136 243 138  65 108  85 125 120  91  52]
==============
iter0: [257 258 258 258 258 258 258 258 258 258 258 258 258 258 258 258 258  12 258 258 258]
iter1: [257 258 258 258 258 258 258 258 258 258  95 258 258 258 258 258 258  12 258 258 258]
iter2: [257 258 258 258 258 258 258 258 258 258  95 258 258 258 258 258 258  12 258 258 120]
iter3: [257 258 247 258 258 258 258 258 258 258  95 258 258 258 258 258 258  12 258 258 120]
iter4: [257  72 247 258 258 258 258 258 120 258  95 258 258 258 258 258 258  12 258 258 120]
iter5: [257  72 247  44 258 258 258 258 120 258  95 258 173 258 258 134 258  12 258 258 120]
iter6: [257  72 247  44 258 208 258 258 120 258  95 114 173 258 258 134 258  12 258 258 120]
iter7: [257  72 247  44 258 208 258 258 120 258  95 114 173  52 258 134  44  12 258  44 120]
iter8: [257  72 247  44 253 208 210 258 120 258  95 114 173  52  52 134  44  12 258  44 120]
iter9: [257  72 247  44 253 208 210 120 120 217  95 114 173  52  52 134  44  12 171  44 120]
==============
iter0: [257 258 258 258 258 258 258 258 258 258 258 258 102 258 258 258 258 258 258 258 258]
iter1: [257 258 258 258 258 258 258 258 258 258 258 258 102  65 258 258 258 258 258 258 258]
iter2: [257 258 258 258 258 258  65 258 258 258 258 258 102  65 258 258 258 258 258 258 258]
iter3: [257 258 258 258 258 258  65 258 258 258 258 258 102  65 138 258 258 258 258 258 258]
iter4: [257 258 258 125 158 258  65 258 258 258 258 258 102  65 138 258 258 258 258 258 258]
iter5: [257 258 258 125 158 258  65 258 170 258 258 125 102  65 138 258 258 258 258 114 258]
iter6: [257 258 258 125 158 258  65 125 170 158 258 125 102  65 138 258 258 258 258 114 258]
iter7: [257 258 258 125 158 258  65 125 170 158 152 125 102  65 138 108 258 258  26 114 258]
iter8: [257 108 258 125 158 258  65 125 170 158 152 125 102  65 138 108 258   5  26 114 125]
iter9: [257 108 134 125 158 236  65 125 170 158 152 125 102  65 138 108 170   5  26 114 125]
==============
iter0: [257 258 258 258 258 258 258 258 258  65 258 258 258 258 258 258 258 258 258 258 258]
iter1: [257 258 258  52 258 258 258 258 258  65 258 258 258 258 258 258 258 258 258 258 258]
iter2: [257 258 258  52 258 258 258 258 258  65   5 258 258 258 258 258 258 258 258 258 258]
iter3: [257  99 258  52 258 258 258 258 258  65   5 258 258 258 258 258 258 258 258 258 258]
iter4: [257  99  90  52 258 258 258 258 258  65   5 258 258 258 258 258 258 258 258 258 247]
iter5: [257  99  90  52 258 258 258 138 258  65   5 243 258 258 258 258 258 258 120 258 247]
iter6: [257  99  90  52 258 125 120 138 258  65   5 243 258 258 258 258 258 258 120 258 247]
iter7: [257  99  90  52 125 125 120 138 193  65   5 243 258 258 125 258 258 258 120 258 247]
iter8: [257  99  90  52 125 125 120 138 193  65   5 243  44 258 125  52 120 258 120 258 247]
iter9: [257  99  90  52 125 125 120 138 193  65   5 243  44  83 125  52 120 230 120   9 247]
==============
iter0: [257 258 258 258 258 258 258 258 258 258 258 136 258 258 258 258 258 258 258 258 258]
iter1: [257 258 258 258 258 258 258 258 258 258  65 136 258 258 258 258 258 258 258 258 258]
iter2: [257 258 258 258 258 258 258 258 258 258  65 136 258 258 258 258 258  12 258 258 258]
iter3: [257 258 258 258 258 258 258  52 258 258  65 136 258 258 258 258 258  12 258 258 258]
iter4: [257 258 258 258 258 258 152  52 258 258  65 136 210 258 258 258 258  12 258 258 258]
iter5: [257 258  26 258 258 258 152  52  10 258  65 136 210 258 258 258 258  12 258 258  26]
iter6: [257 243  26 258 258 258 152  52  10 120  65 136 210 258 258 258 258  12 258 258  26]
iter7: [257 243  26 258 258 258 152  52  10 120  65 136 210 258 258  44 120  12 253 258  26]
iter8: [257 243  26 210 258 120 152  52  10 120  65 136 210 158 258  44 120  12 253 258  26]
iter9: [257 243  26 210 129 120 152  52  10 120  65 136 210 158  71  44 120  12 253 233  26]
==============
iter0: [257 258 258 258 136 258 258 258 258 258 258 258 258 258 258 258 258 258 258 258 258]
iter1: [257 258 258 258 136 258 258 258 258 258 258 258 258 258 258 258 258 258 258 114 258]
iter2: [257 258 258 258 136 258 258 258 258 258 258 258 258 258 258  52 258 258 258 114 258]
iter3: [257 258 258 258 136 258 258 258 258 258 258 258 258 258 258  52 258  70 258 114 258]
iter4: [257 258 258 258 136 258 258 258 258 258 258 258 258 258  65  52 258  70 224 114 258]
iter5: [257 258 114 258 136 258 258  71 258  23 258 258 258 258  65  52 258  70 224 114 258]
iter6: [257 258 114 258 136 258 258  71 258  23 258 258 258 185  65  52 258  70 224 114  26]
iter7: [257 258 114 258 136 258 258  71 125  23 258  21 258 185  65  52  44  70 224 114  26]
iter8: [257 102 114 258 136 258 131  71 125  23 258  21 247 185  65  52  44  70 224 114  26]
iter9: [257 102 114  10 136 208 131  71 125  23 170  21 247 185  65  52  44  70 224 114  26]
==============
iter0: [257 258 258 258 258 258 258 258 258 258 258 258 258 258 258 258 150 258 258 258 258]
iter1: [257 258 258 258 258 185 258 258 258 258 258 258 258 258 258 258 150 258 258 258 258]
iter2: [257 258 258 258 258 185 258 258 258 258 258 258  63 258 258 258 150 258 258 258 258]
iter3: [257 258 258 258 258 185 258 258 258 258  12 258  63 258 258 258 150 258 258 258 258]
iter4: [257 258 258 258 258 185 258 258 258 258  12 258  63 258 258 120 150 258 258 258  12]
iter5: [257 258 258  44  35 185 258 258 258 258  12 258  63 258 258 120 150 258 258 152  12]
iter6: [257 258 258  44  35 185 258 258 258 193  12 258  63 258 258 120 150  44 258 152  12]
iter7: [257 258 258  44  35 185 258 211 258 193  12  44  63 258 173 120 150  44 258 152  12]
iter8: [257 258 258  44  35 185 114 211 152 193  12  44  63  44 173 120 150  44 258 152  12]
iter9: [257 114  17  44  35 185 114 211 152 193  12  44  63  44 173 120 150  44  73 152  12]
==============
iter0: [257  16 258 258 258 258 258 258 258 258 258 258 258 258 258 258 258 258 258 258 258]
iter1: [257  16 258 258 258 258 258 258  91 258 258 258 258 258 258 258 258 258 258 258 258]
iter2: [257  16 258 258 258 258 258 258  91 258 258  85 258 258 258 258 258 258 258 258 258]
iter3: [257  16 258 258 258 258 258 258  91 138 258  85 258 258 258 258 258 258 258 258 258]
iter4: [257  16 235 258 258 138 258 258  91 138 258  85 258 258 258 258 258 258 258 258 258]
iter5: [257  16 235 120 258 138 258 258  91 138  85  85 258 258 258 258 258 258 193 258 258]
iter6: [257  16 235 120 138 138 258 258  91 138  85  85 258 138 258 258 258 258 193 258 258]
iter7: [257  16 235 120 138 138 258 258  91 138  85  85 258 138 258 258 138 258 193 102  52]
iter8: [257  16 235 120 138 138 172 258  91 138  85  85 253 138 258 258 138 208 193 102  52]
iter9: [257  16 235 120 138 138 172 240  91 138  85  85 253 138  18 102 138 208 193 102  52]
==============
iter0: [257 258 258 258 258 258 258 258 258 258 258 258 258 138 258 258 258 258 258 258 258]
iter1: [257 258 258 258 258 258 115 258 258 258 258 258 258 138 258 258 258 258 258 258 258]
iter2: [257 258 258 258 258 258 115 258 258 258 258 258 258 138 258 258 258 258 114 258 258]
iter3: [257 258 125 258 258 258 115 258 258 258 258 258 258 138 258 258 258 258 114 258 258]
iter4: [257 258 125 258 258 258 115 258 258 258 258 258 258 138 258 258 258  95 114 258 120]
iter5: [257 258 125 258 258 258 115 258  12 258 258 258 125 138 138 258 258  95 114 258 120]
iter6: [257  95 125 120 258 258 115 258  12 258 258 258 125 138 138 258 258  95 114 258 120]
iter7: [257  95 125 120 211 258 115 258  12 258  12 258 125 138 138 258 247  95 114 258 120]
iter8: [257  95 125 120 211  73 115  12  12 258  12 129 125 138 138 258 247  95 114 258 120]
iter9: [257  95 125 120 211  73 115  12  12 134  12 129 125 138 138 185 247  95 114 223 120]
==============
iter0: [257 258 258 258 258  52 258 258 258 258 258 258 258 258 258 258 258 258 258 258 258]
iter1: [257 258 258 258 258  52 258 252 258 258 258 258 258 258 258 258 258 258 258 258 258]
iter2: [257 258 258 258 258  52 258 252 258 258 258 258 114 258 258 258 258 258 258 258 258]
iter3: [257 258 258 258 258  52 258 252 258 258 258 258 114 258 152 258 258 258 258 258 258]
iter4: [257 258 258 258 258  52 258 252 258 258 258 258 114 258 152 258  52 258 120 258 258]
iter5: [257 174 258 258 258  52 258 252 258 258 195 258 114 258 152 258  52 258 120  94 258]
iter6: [257 174 136 258 258  52 258 252 258 258 195 258 114 258 152 243  52 258 120  94 258]
iter7: [257 174 136 258 258  52 185 252 114 138 195 258 114 258 152 243  52 258 120  94 258]
iter8: [257 174 136 119  72  52 185 252 114 138 195 258 114 108 152 243  52 258 120  94 258]
iter9: [257 174 136 119  72  52 185 252 114 138 195 134 114 108 152 243  52 138 120  94 237]
==============
