iter0: [257 258 258 258 258 256 258 258 258 258 258 258 258 258 258 258 258 258
 258 258 258]
iter1: [257 258 258 258 258 256 258 258 258 258 258 258 258 258 258 258 258 258
 258 256 258]
iter2: [257 258 258 258 258 256 258 258 258 258 258 258 258 258 258 256 258 258
 258 256 258]
iter3: [257 258 258 258 258 256 258 258 258 258 258 258 258 258 258 256 258 258
 258 256 256]
iter4: [257 258 258 258 258 256 258 258 256 258 258 258 258 256 258 256 258 258
 258 256 256]
iter5: [257 258 258 258 256 256 258 258 256 258 256 256 258 256 258 256 258 258
 258 256 256]
iter6: [257 258 258 258 256 256 258 258 256 258 256 256 256 256 258 256 256 258
 258 256 256]
iter7: [257 258 258 258 256 256 256 256 256 258 256 256 256 256 258 256 256 256
 258 256 256]
iter8: [257 256 258 256 256 256 256 256 256 258 256 256 256 256 258 256 256 256
 256 256 256]
iter9: [257 256 184 256 256 256 256 256 256  70 256 256 256 256 256 256 256 256
 256 256 256]
==============
iter0: [257 258 258 258 258 258 258 258 258 258 258 258 256 258 258 258 258 258 258 258 258]
iter1: [257 258 258 256 258 258 258 258 258 258 258 258 256 258 258 258 258 258 258 258 258]
iter2: [257 258 258 256 258 256 258 258 258 258 258 258 256 258 258 258 258 258 258 258 258]
iter3: [257 258 258 256 258 256 258 258 258 258 258 258 256 258 258 258 258 258 258 258 114]
iter4: [257 258 258 256 258 256 256 258 256 258 258 258 256 258 258 258 258 258 258 258 114]
iter5: [257 258 258 256 256 256 256 258 256 258 258 258 256 258 256 258 258 258 256 258 114]
iter6: [257 258 258 256 256 256 256 258 256 258 258 256 256 258 256 258 258 258 256 256 114]
iter7: [257 258 258 256 256 256 256 256 256 256 256 256 256 258 256 258 258 258 256 256 114]
iter8: [257 258 134 256 256 256 256 256 256 256 256 256 256 102 256 258 258 136 256 256 114]
iter9: [257 131 134 256 256 256 256 256 256 256 256 256 256 102 256 157  26 136 256 256 114]
==============
iter0: [257 258 258 258 258 258 258 256 258 258 258 258 258 258 258 258 258 258 258 258 258]
iter1: [257 258 258 258 258 258 258 256 258 258 258 258 258 258 258 256 258 258 258 258 258]
iter2: [257 256 258 258 258 258 258 256 258 258 258 258 258 258 258 256 258 258 258 258 258]
iter3: [257 256 258 258 258 258 258 256 258 258 258 258 258 258 258 256 256 258 258 258 258]
iter4: [257 256 258 258 258 258 258 256 258 258 258 258 256 258 258 256 256 258 256 258 258]
iter5: [257 256 256 258 258 258 258 256 256 258 258 258 256 258 258 256 256 258 256 125 258]
iter6: [257 256 256 258 258 258 258 256 256 258 258 258 256 258 256 256 256 258 256 125 256]
iter7: [257 256 256 256 256 258 258 256 256 258 258 256 256 258 256 256 256 258 256 125 256]
iter8: [257 256 256 256 256 256 258 256 256 258 256 256 256 258 256 256 256 256 256 125 256]
iter9: [257 256 256 256 256 256  41 256 256 120 256 256 256  30 256 256 256 256 256 125 256]
==============
iter0: [257 258 258 258 258 258 258 258 258 258 258 258 258 258 258 256 258 258 258 258 258]
iter1: [257 258 258 258 258 258 258 258 258 258 258 258 258 258 258 256 258 258 258 256 258]
iter2: [257 258 258 258 258 114 258 258 258 258 258 258 258 258 258 256 258 258 258 256 258]
iter3: [257 258 258 258 258 114 258 258 258 258 258 258 258 258 256 256 258 258 258 256 258]
iter4: [257 258 256 258 258 114 258 258 258 258 256 258 258 258 256 256 258 258 258 256 258]
iter5: [257 258 256  21 258 114 120 258 258 258 256 258 258 258 256 256 258 258 258 256 256]
iter6: [257 258 256  21 258 114 120 258 258 258 256 256 256 258 256 256 258 258 258 256 256]
iter7: [257 193 256  21 230 114 120 258 258 258 256 256 256 258 256 256 258 256 258 256 256]
iter8: [257 193 256  21 230 114 120 256 258 136 256 256 256 258 256 256 184 256 258 256 256]
iter9: [257 193 256  21 230 114 120 256 184 136 256 256 256 256 256 256 184 256 234 256 256]
==============
iter0: [257 258 258 258 258 120 258 258 258 258 258 258 258 258 258 258 258 258 258 258 258]
iter1: [257 258 258 258 258 120 258 258 258 258 256 258 258 258 258 258 258 258 258 258 258]
iter2: [257 258 258 258 256 120 258 258 258 258 256 258 258 258 258 258 258 258 258 258 258]
iter3: [257 258 258 256 256 120 258 258 258 258 256 258 258 258 258 258 258 258 258 258 258]
iter4: [257 258 258 256 256 120 258 258 256 258 256 258 258 258 258 258 258 258 258 258 256]
iter5: [257 258 258 256 256 120 258 258 256 258 256 258 258 258 102 258 258 258 256  95 256]
iter6: [257 258 258 256 256 120 258 258 256 258 256 258 258 258 102 258 256 256 256  95 256]
iter7: [257 258 258 256 256 120 258 258 256  10 256 258 114  26 102 258 256 256 256  95 256]
iter8: [257 258 258 256 256 120  52 258 256  10 256  44 114  26 102 253 256 256 256  95 256]
iter9: [257 208 146 256 256 120  52  23 256  10 256  44 114  26 102 253 256 256 256  95 256]
==============
