Time: 00-22:
[[2], [67], [79], [194], [283], [266], [280], [426], [426], [512], [512], [512], [512], [512], [512], [512], [512], [512], [512], [512], [512], [512], [512], [512], [512], [512], [512], [512], [512], [512], [512], [512], [512], [512], [512], [512], [512], [512], [512], [512], [512], [512], [512], [512], [512], [512], [512], [512], [512], [512], [512], [512], [512], [512], [512], [512], [512], [512], [512], [512], [512], [512], [512], [512], [512], [512], [512], [512], [512], [512], [512], [512], [512], [512], [512], [512], [512], [512], [512], [512], [512], [512], [512], [512], [512], [512], [512], [512], [512], [512], [512], [512], [512], [512], [512], [512], [512], [512], [512], [512], [512], [512], [512], [512], [512], [512], [512], [512], [512], [512], [512], [512], [512], [512], [512], [512], [512], [512], [512], [512], [512], [512], [512], [512], [512]]
Time: 03-27:
[[60], [82], [29], [106], [121], [125], [136], [251], [215], [337], [283], [512], [512], [504], [512], [512], [512], [512], [512], [512], [512], [512], [512], [512], [512], [512], [512], [512], [512], [512], [512], [512], [512], [512], [512], [512], [512], [512], [512], [512], [512], [512], [512], [512], [512], [512], [512], [512], [512], [512], [512], [512], [512], [512], [512], [512], [512], [512], [512], [512], [512], [512], [512], [512], [512], [512], [512], [512], [512], [512], [512], [512], [512], [512], [512], [512], [512], [512], [512], [512], [512], [512], [512], [512], [512], [512], [512], [512], [512], [512], [512], [512], [512], [512], [512], [512], [512], [512], [512], [512], [512], [512], [512], [512], [512], [512], [512], [512], [512], [512], [512], [512], [512], [512], [512], [512], [512], [512], [512], [512], [512], [512], [512], [512], [512]]
Time: 06-34:
[[7], [25], [79], [75], [125], [108], [125], [147], [180], [200], [317], [332], [512], [158], [512], [422], [512], [512], [512], [512], [504], [512], [512], [512], [512], [512], [512], [512], [512], [512], [512], [512], [512], [512], [512], [512], [512], [512], [512], [512], [512], [512], [512], [512], [512], [512], [512], [512], [512], [512], [512], [512], [512], [512], [512], [512], [512], [512], [512], [512], [512], [512], [512], [512], [512], [512], [512], [512], [512], [512], [512], [512], [512], [512], [512], [512], [512], [512], [512], [512], [512], [512], [512], [512], [512], [512], [512], [512], [512], [512], [512], [512], [512], [512], [512], [512], [512], [512], [512], [512], [512], [512], [512], [512], [512], [512], [512], [512], [512], [512], [512], [512], [512], [512], [512], [512], [512], [512], [512], [512], [512], [512], [512], [512], [512]]
Time: 09-01:
[[4], [17], [26], [43], [44], [48], [58], [59], [62], [73], [80], [83], [96], [97], [104], [123], [128], [128], [128], [128]]
Time: 09-37:
[[1], [13], [125], [125], [82], [151], [241], [340], [339], [409], [84], [512], [512], [512], [512], [512], [512], [156], [512], [512], [512], [512], [512], [512], [512], [512], [512], [512], [512], [512], [512], [512], [512], [512], [504], [512], [512], [512], [504], [512], [512], [512], [512], [512], [512], [512], [512], [512], [512], [512], [512], [512], [512], [512], [512], [512], [512], [512], [512], [512], [512], [512], [512], [512], [512], [512], [512], [512], [512], [512], [512], [512], [512], [512], [512], [512], [512], [512], [512], [512], [512], [512], [512], [512], [512], [512], [512], [512], [512], [512], [512], [512], [512], [512], [512], [512], [512], [512], [512], [512], [512], [512], [512], [512], [512], [512], [512], [512], [512], [512], [512], [512], [512], [512], [512], [512], [512], [512], [512], [512], [512], [512], [512], [512], [512]]
Time: 12-41:
[[2], [164], [79], [265], [151], [283], [352], [403], [504], [512], [512], [512], [512], [512], [512], [512], [512], [512], [512], [512], [512], [512], [512], [512], [512], [512], [512], [512], [512], [512], [512], [512], [512], [512], [512], [512], [512], [512], [512], [512], [512], [512], [512], [512], [512], [512], [512], [512], [512], [512], [512], [512], [512], [512], [512], [512], [512], [512], [512], [512], [512], [512], [512], [512], [512], [512], [512], [512], [512], [512], [512], [512], [512], [512], [512], [512], [512], [512], [512], [512], [512], [512], [512], [512], [512], [512], [512], [512], [512], [512], [512], [512], [512], [512], [512], [512], [512], [512], [512], [512], [512], [512], [512], [512], [512], [512], [512], [512], [512], [512], [512], [512], [512], [512], [512], [512], [512], [512], [512], [512], [512], [512], [512], [512], [512]]
Time: 15-55:
[[0], [9], [4], [9], [11], [9], [34], [41], [23], [41], [29], [62], [99], [41], [112], [67], [99], [151], [50], [127], [154], [171], [80], [162], [154], [180], [65], [216], [108], [225], [243], [183], [116], [223], [105], [288], [370], [444], [375], [412], [98], [512], [512], [512], [482], [512], [512], [166], [512], [512], [512], [512], [512], [512], [512], [512], [202], [512], [512], [512], [512], [512], [512], [512], [512], [512], [512], [512], [512], [274], [512], [512], [512], [512], [512], [512], [512], [512], [512], [512], [512], [512], [512], [512], [512], [512], [512], [512], [512], [512], [512], [512], [512], [512], [512], [275], [512], [512], [512], [512], [512], [512], [512], [486], [472], [512], [512], [486], [512], [512], [512], [512], [512], [372], [512], [472], [512], [512], [512], [512], [512], [512], [369], [512], [512]]
Time: 18-08:
[[0], [11], [14], [46], [11], [49], [82], [108], [82], [91], [66], [106], [165], [206], [190], [118], [189], [200], [189], [237], [194], [285], [287], [189], [436], [458], [512], [512], [512], [98], [512], [512], [512], [512], [512], [512], [512], [512], [132], [512], [512], [512], [454], [512], [512], [423], [512], [512], [512], [512], [512], [512], [512], [512], [512], [512], [512], [512], [512], [512], [512], [512], [512], [512], [512], [512], [512], [512], [512], [512], [512], [512], [512], [512], [512], [512], [297], [512], [512], [512], [502], [512], [512], [512], [512], [512], [512], [512], [512], [512], [512], [512], [512], [182], [354], [512], [512], [512], [512], [512], [512], [512], [512], [512], [512], [512], [440], [369], [512], [512], [512], [512], [512], [512], [512], [388], [512], [512], [512], [512], [280], [512], [512], [512], [512]]
Time: 20-35:
[[0], [2], [14], [14], [14], [20], [11], [25], [37], [30], [30], [50], [47], [50], [50], [71], [50], [80], [77], [82], [64], [71], [80], [98], [105], [83], [118], [78], [166], [128], [139], [53], [108], [108], [179], [161], [179], [206], [190], [166], [182], [190], [190], [202], [179], [116], [161], [261], [280], [203], [269], [283], [261], [243], [275], [261], [280], [280], [223], [280], [369], [369], [512], [287], [388], [223], [512], [223], [352], [366], [512], [203], [280], [366], [265], [297], [512], [388], [486], [512], [512], [388], [512], [223], [397], [414], [512], [512], [297], [512], [431], [388], [512], [413], [512], [182], [512], [512], [388], [337], [486], [512], [366], [512], [512], [423], [512], [297], [512], [388], [352], [512], [431], [472], [388], [271], [512], [512], [512], [512], [478], [388], [388], [512], [472]]
Time: 23-11:
[[2], [8], [14], [14], [24], [37], [77], [72], [90], [90], [101], [106], [127], [143], [132], [132], [143], [154], [163], [198], [217], [190], [217], [217], [252], [248], [264], [271], [271], [297], [340], [340], [370], [340], [422], [380], [411], [409], [397], [436], [443], [504], [512], [512], [512], [428], [512], [512], [512], [512], [512], [512], [512], [512], [512], [512], [512], [512], [512], [512], [512], [512], [512], [512], [512], [512], [512], [512], [512], [512], [512], [414], [512], [512], [512], [512], [512], [512], [512], [512], [512], [512], [512], [512], [512], [512], [512], [512], [512], [512], [512], [512], [512], [512], [512], [512], [512], [512], [512], [512], [512], [512], [512], [512], [512], [512], [512], [512], [512], [512], [512], [512], [512], [512], [512], [512], [512], [512], [512], [512], [512], [512], [512], [512], [512]]
Time: 25-21:
[[0], [14], [62], [82], [82], [101], [108], [101], [108], [187], [162], [288], [206], [252], [283], [285], [411], [313], [411], [444], [71], [454], [448], [512], [512], [512], [512], [504], [512], [512], [512], [512], [512], [512], [512], [512], [411], [512], [512], [512], [512], [512], [512], [512], [512], [512], [512], [512], [512], [512], [512], [512], [512], [512], [512], [512], [512], [512], [512], [512], [512], [512], [512], [512], [512], [512], [512], [512], [512], [512], [512], [512], [512], [512], [512], [512], [512], [512], [512], [512], [512], [512], [512], [512], [512], [512], [512], [512], [512], [512], [512], [512], [512], [512], [512], [512], [512], [512], [512], [512], [512], [512], [512], [512], [512], [512], [512], [512], [512], [512], [512], [512], [512], [512], [512], [512], [512], [512], [512], [512], [512], [512], [512], [512], [512]]
Time: 27-57:
[[2], [14], [14], [14], [14], [36], [82], [82], [249], [198], [242], [504], [410], [410], [436], [454], [512], [512], [410], [512], [512], [512], [512], [512], [189], [512], [512], [512], [512], [512], [366], [512], [512], [512], [411], [512], [512], [352], [512], [512], [512], [512], [512], [512], [512], [512], [512], [512], [512], [512], [512], [512], [512], [512], [512], [512], [512], [512], [512], [512], [512], [512], [512], [512], [512], [512], [512], [512], [512], [512], [512], [512], [512], [512], [512], [512], [512], [512], [512], [512], [512], [512], [512], [512], [512], [512], [512], [512], [512], [512], [512], [512], [512], [512], [512], [512], [512], [512], [512], [512], [512], [512], [512], [512], [512], [512], [512], [459], [512], [512], [512], [512], [512], [512], [512], [512], [512], [512], [512], [512], [512], [512], [512], [512], [512]]
Time: 30-25:
[[21], [50], [61], [82], [62], [82], [79], [82], [72], [98], [101], [101], [127], [124], [132], [190], [162], [183], [198], [233], [217], [237], [265], [283], [283], [354], [346], [295], [472], [512], [512], [512], [512], [512], [512], [512], [456], [512], [512], [512], [512], [512], [512], [512], [512], [512], [512], [512], [512], [512], [512], [512], [512], [512], [512], [512], [512], [512], [512], [512], [512], [512], [512], [512], [512], [512], [512], [512], [512], [512], [512], [512], [512], [512], [512], [512], [512], [512], [512], [512], [512], [512], [512], [512], [512], [512], [512], [512], [512], [512], [512], [512], [512], [512], [512], [512], [512], [512], [512], [512], [512], [512], [512], [512], [512], [512], [512], [512], [512], [512], [512], [512], [512], [512], [512], [512], [512], [512], [512], [512], [512], [512], [512], [512], [512]]
Time: 31-32:
[[6], [12], [14], [24], [30], [37], [30], [69], [70], [72], [75], [72], [91], [101], [102], [109], [117], [128], [128], [128]]
Time: 32-38:
[[3], [8], [13], [60], [37], [165], [18], [125], [147], [189], [142], [147], [504], [433], [433], [512], [512], [512], [512], [504], [512], [512], [512], [512], [512], [512], [512], [512], [512], [512], [512], [512], [512], [512], [512], [512], [512], [512], [512], [512], [512], [512], [512], [512], [512], [512], [512], [512], [512], [512], [512], [512], [512], [512], [512], [512], [512], [512], [512], [512], [512], [512], [512], [512], [512], [512], [512], [512], [512], [512], [512], [512], [512], [512], [512], [512], [512], [512], [512], [512], [512], [512], [512], [512], [512], [512], [512], [512], [512], [512], [512], [512], [512], [512], [512], [512], [512], [512], [512], [512], [512], [512], [512], [512], [512], [512], [512], [512], [512], [512], [512], [512], [512], [512], [512], [512], [512], [512], [512], [512], [512], [512], [512], [512], [512]]
Time: 35-23:
[[0], [11], [7], [0], [15], [11], [11], [17], [11], [41], [0], [17], [41], [9], [41], [37], [17], [0], [37], [41], [37], [11], [37], [50], [50], [41], [37], [37], [63], [37], [68], [82], [50], [50], [112], [88], [108], [80], [108], [114], [114], [112], [108], [108], [101], [108], [108], [108], [108], [108], [108], [108], [108], [108], [108], [108], [158], [108], [161], [108], [108], [108], [108], [108], [116], [108], [132], [132], [164], [161], [179], [369], [108], [63], [136], [179], [108], [206], [190], [179], [369], [190], [431], [190], [388], [369], [369], [108], [369], [369], [108], [280], [243], [108], [369], [243], [369], [388], [136], [369], [297], [297], [332], [280], [372], [136], [274], [512], [369], [297], [243], [243], [431], [297], [388], [388], [388], [369], [369], [190], [423], [369], [369], [280], [431]]
Time: 37-04:
[[14], [34], [84], [151], [205], [234], [283], [228], [241], [422], [504], [422], [512], [147], [512], [512], [512], [512], [512], [512], [512], [512], [512], [512], [512], [512], [512], [512], [512], [512], [512], [512], [512], [512], [512], [512], [512], [512], [512], [512], [512], [512], [512], [512], [512], [512], [512], [512], [512], [512], [512], [512], [512], [512], [512], [512], [512], [512], [512], [512], [512], [512], [512], [512], [512], [512], [512], [512], [512], [512], [512], [512], [512], [512], [512], [512], [512], [512], [512], [512], [512], [512], [512], [512], [512], [512], [512], [512], [512], [512], [512], [512], [512], [512], [512], [512], [512], [512], [512], [512], [512], [512], [512], [512], [512], [512], [512], [512], [512], [512], [512], [512], [512], [512], [512], [512], [512], [512], [512], [512], [512], [512], [512], [512], [512]]
Time: 40-03:
[[5], [4], [0], [8], [0], [4], [0], [11], [50], [41], [21], [0], [49], [50], [31], [82], [37], [71], [63], [71], [71], [71], [71], [80], [78], [79], [82], [102], [98], [78], [78], [63], [63], [71], [105], [78], [112], [108], [112], [105], [112], [108], [105], [108], [108], [108], [108], [108], [108], [108], [161], [108], [105], [108], [108], [108], [108], [136], [108], [125], [108], [108], [168], [206], [108], [153], [161], [178], [153], [108], [203], [223], [108], [190], [108], [108], [190], [181], [223], [190], [288], [190], [108], [223], [161], [108], [431], [243], [153], [205], [190], [332], [369], [369], [243], [179], [265], [243], [369], [243], [190], [369], [369], [512], [369], [403], [280], [223], [243], [369], [173], [288], [369], [369], [369], [283], [369], [280], [280], [512], [280], [369], [223], [369], [512]]
Time: 41-54:
[[6], [22], [22], [46], [106], [98], [101], [138], [205], [165], [241], [222], [252], [354], [370], [410], [436], [504], [283], [512], [512], [512], [512], [512], [512], [512], [512], [512], [512], [512], [512], [512], [512], [512], [512], [512], [512], [512], [512], [512], [512], [512], [512], [512], [512], [512], [512], [512], [512], [512], [512], [512], [512], [512], [512], [512], [512], [512], [512], [512], [512], [512], [512], [512], [512], [512], [512], [512], [512], [512], [512], [512], [512], [512], [512], [512], [512], [512], [512], [512], [512], [512], [512], [512], [512], [512], [512], [512], [512], [512], [512], [512], [512], [512], [512], [512], [512], [512], [512], [512], [512], [512], [512], [512], [512], [512], [512], [512], [512], [512], [512], [512], [512], [512], [512], [512], [512], [512], [512], [512], [512], [512], [512], [512], [512]]
Time: 44-41:
[[50], [14], [34], [46], [174], [191], [266], [266], [512], [422], [422], [512], [512], [512], [512], [512], [512], [512], [512], [512], [512], [512], [512], [512], [512], [512], [512], [512], [512], [512], [512], [512], [512], [512], [512], [512], [512], [512], [512], [512], [512], [512], [512], [512], [512], [512], [512], [512], [512], [512], [512], [512], [512], [512], [512], [512], [512], [512], [512], [512], [512], [512], [512], [512], [512], [512], [512], [512], [512], [512], [512], [512], [512], [512], [512], [512], [512], [512], [512], [512], [512], [512], [512], [512], [512], [512], [512], [512], [512], [512], [512], [512], [512], [512], [297], [512], [512], [512], [512], [512], [512], [512], [512], [512], [512], [512], [512], [512], [512], [512], [512], [512], [512], [512], [512], [512], [512], [512], [512], [512], [512], [512], [512], [512], [512]]
Time: 47-43:
[[60], [90], [114], [174], [332], [330], [136], [332], [332], [384], [512], [504], [512], [504], [512], [512], [512], [512], [512], [512], [512], [512], [512], [512], [512], [512], [512], [512], [512], [512], [512], [512], [512], [512], [512], [512], [512], [512], [512], [512], [512], [512], [512], [512], [512], [512], [512], [512], [512], [512], [512], [512], [512], [512], [512], [512], [512], [512], [512], [512], [275], [512], [512], [512], [512], [512], [512], [512], [512], [512], [512], [512], [512], [512], [512], [512], [512], [512], [512], [512], [512], [512], [512], [512], [512], [512], [512], [512], [512], [512], [512], [512], [512], [512], [512], [512], [512], [512], [512], [512], [512], [512], [512], [512], [512], [512], [512], [512], [512], [512], [512], [512], [512], [512], [512], [512], [512], [512], [512], [512], [512], [512], [512], [512], [512]]
Time: 50-37:
[[11], [46], [74], [62], [82], [61], [79], [142], [162], [147], [161], [223], [189], [283], [215], [316], [386], [411], [428], [512], [512], [512], [512], [512], [512], [512], [512], [512], [512], [512], [512], [512], [512], [512], [512], [512], [512], [512], [512], [512], [512], [512], [512], [512], [136], [512], [512], [512], [512], [512], [512], [512], [512], [512], [512], [512], [512], [512], [512], [512], [512], [512], [512], [512], [512], [512], [512], [512], [512], [512], [512], [512], [512], [512], [512], [512], [512], [512], [512], [512], [512], [512], [512], [512], [512], [512], [512], [512], [512], [512], [512], [512], [512], [512], [512], [512], [512], [512], [512], [512], [512], [512], [512], [512], [512], [512], [512], [512], [512], [512], [512], [512], [512], [512], [512], [512], [512], [512], [512], [512], [512], [512], [512], [512], [512]]
Time: 53-28:
[[34], [191], [164], [62], [189], [266], [239], [283], [504], [384], [422], [512], [512], [512], [512], [512], [512], [512], [512], [512], [512], [512], [512], [512], [512], [512], [512], [512], [512], [512], [512], [512], [512], [512], [512], [512], [512], [512], [512], [512], [512], [512], [512], [512], [512], [512], [512], [512], [512], [512], [512], [512], [512], [512], [512], [512], [512], [512], [512], [512], [512], [512], [512], [512], [512], [512], [512], [512], [512], [512], [512], [512], [512], [512], [512], [512], [512], [512], [512], [512], [512], [512], [512], [512], [512], [512], [512], [512], [512], [512], [512], [512], [512], [512], [512], [512], [512], [512], [512], [512], [512], [512], [512], [512], [512], [512], [512], [512], [512], [512], [512], [512], [512], [512], [512], [512], [512], [512], [512], [512], [512], [512], [512], [512], [512]]
Time: 54-02:
[[14], [15], [19], [20], [44], [49], [51], [74], [89], [93], [95], [98], [113], [117], [124], [127], [128], [128], [128], [128]]
Time: 56-32:
[[6], [9], [14], [14], [137], [165], [275], [287], [393], [337], [504], [512], [504], [512], [512], [512], [512], [512], [512], [512], [512], [512], [512], [512], [504], [512], [512], [512], [512], [512], [512], [512], [512], [512], [512], [512], [512], [512], [512], [512], [512], [512], [512], [512], [512], [512], [512], [512], [512], [512], [512], [512], [512], [512], [512], [512], [512], [512], [512], [512], [512], [512], [512], [512], [512], [512], [512], [512], [512], [512], [512], [512], [512], [512], [512], [512], [512], [512], [512], [512], [512], [512], [512], [512], [512], [512], [512], [512], [512], [512], [512], [512], [512], [512], [512], [512], [512], [512], [512], [512], [512], [512], [512], [512], [512], [512], [512], [512], [512], [512], [512], [512], [512], [512], [512], [512], [512], [512], [512], [512], [512], [512], [512], [512], [512]]
Time: 59-19:
[[79], [98], [96], [106], [283], [234], [283], [102], [287], [478], [410], [512], [512], [512], [512], [512], [512], [512], [512], [512], [512], [512], [512], [512], [512], [512], [512], [512], [512], [512], [512], [512], [512], [512], [512], [512], [512], [512], [512], [512], [512], [512], [512], [512], [512], [512], [512], [512], [512], [512], [512], [512], [512], [512], [512], [512], [512], [512], [512], [512], [512], [512], [512], [512], [512], [512], [512], [512], [512], [512], [512], [512], [512], [512], [512], [512], [512], [512], [512], [512], [512], [512], [512], [512], [512], [512], [512], [512], [512], [512], [512], [512], [512], [512], [512], [512], [512], [512], [512], [512], [512], [512], [512], [512], [512], [512], [512], [512], [512], [512], [512], [512], [512], [512], [512], [512], [512], [512], [512], [512], [512], [512], [512], [512], [512]]
