Time: 00-40:
[[12], [5], [25], [62], [82], [82], [82], [82], [101], [101], [147], [147], [106], [142], [142], [210], [313], [388], [504], [443], [512], [512], [512], [512], [512], [512], [512], [512], [512], [512], [512], [512], [512], [512], [512], [512], [512], [512], [512], [512], [512], [512], [512], [512], [512], [512], [512], [512], [512], [512], [512], [512], [512], [512], [512], [512], [512], [512], [512], [512], [512], [512], [512], [512], [512], [512], [512], [512], [512], [512], [512], [512], [512], [512], [512], [512], [512], [512], [512], [512], [512], [512], [512], [512], [512], [512], [512], [512], [512], [512], [512], [512], [512], [512], [512], [512], [512], [512], [512], [512], [512], [512], [512], [512], [512], [512], [512], [512], [512], [512], [512], [512], [512], [512], [512], [512], [512], [512], [512], [512], [512], [512], [512], [512], [512]]
Time: 03-05:
[[14], [14], [61], [50], [94], [82], [203], [175], [179], [332], [228], [384], [512], [504], [512], [512], [512], [512], [512], [512], [512], [512], [512], [512], [512], [512], [512], [512], [512], [512], [512], [512], [512], [512], [512], [512], [512], [512], [512], [512], [512], [512], [512], [512], [512], [512], [512], [512], [512], [512], [512], [512], [512], [512], [512], [512], [512], [512], [512], [512], [512], [512], [512], [512], [512], [512], [512], [512], [512], [512], [512], [512], [512], [512], [512], [512], [512], [512], [512], [512], [512], [512], [512], [512], [512], [512], [512], [512], [512], [512], [512], [512], [512], [512], [512], [512], [512], [512], [512], [512], [512], [512], [512], [512], [512], [512], [512], [512], [512], [512], [512], [512], [512], [512], [512], [512], [512], [512], [512], [512], [512], [512], [512], [512], [512]]
Time: 05-58:
[[0], [30], [82], [82], [82], [82], [82], [82], [82], [124], [149], [149], [147], [264], [163], [231], [313], [262], [267], [331], [469], [315], [512], [512], [512], [512], [512], [512], [512], [512], [512], [512], [512], [512], [512], [512], [428], [512], [472], [512], [444], [512], [512], [504], [512], [512], [512], [512], [512], [512], [512], [512], [512], [512], [512], [512], [512], [512], [512], [512], [512], [512], [512], [512], [512], [512], [512], [512], [512], [512], [512], [512], [512], [512], [512], [512], [512], [512], [512], [512], [512], [512], [512], [512], [512], [512], [512], [512], [512], [512], [512], [512], [512], [512], [512], [512], [512], [512], [512], [512], [512], [512], [512], [512], [512], [512], [512], [512], [512], [512], [512], [512], [512], [512], [512], [512], [512], [512], [512], [512], [512], [512], [512], [512], [512]]
Time: 08-11:
[[77], [34], [44], [132], [94], [241], [194], [283], [346], [366], [413], [422], [422], [512], [512], [512], [512], [512], [512], [512], [512], [512], [512], [512], [512], [477], [512], [512], [512], [344], [512], [512], [512], [512], [512], [512], [512], [512], [512], [512], [512], [512], [512], [512], [512], [512], [512], [512], [512], [512], [512], [512], [512], [512], [512], [512], [512], [512], [512], [512], [512], [512], [512], [512], [512], [512], [512], [512], [512], [512], [512], [512], [512], [512], [512], [512], [512], [512], [512], [512], [512], [512], [512], [512], [512], [512], [512], [512], [512], [512], [512], [512], [512], [512], [512], [512], [512], [512], [512], [512], [512], [512], [512], [512], [512], [512], [512], [512], [512], [512], [512], [512], [512], [512], [512], [512], [512], [512], [512], [512], [512], [512], [512], [512], [512]]
Time: 10-56:
[[0], [43], [38], [62], [65], [82], [82], [82], [101], [121], [124], [132], [151], [156], [205], [190], [199], [205], [264], [266], [252], [264], [283], [316], [370], [338], [288], [410], [410], [409], [422], [431], [454], [454], [512], [512], [512], [512], [512], [512], [512], [512], [512], [512], [512], [512], [512], [512], [512], [512], [512], [512], [512], [512], [512], [512], [512], [512], [512], [512], [512], [512], [512], [512], [512], [512], [512], [512], [512], [512], [512], [512], [512], [512], [512], [512], [512], [512], [512], [512], [512], [512], [512], [512], [512], [512], [512], [512], [512], [512], [512], [512], [512], [512], [512], [512], [512], [512], [512], [512], [512], [512], [512], [512], [512], [512], [512], [512], [512], [512], [512], [512], [512], [512], [512], [512], [512], [512], [512], [512], [512], [512], [512], [512], [512]]
Time: 13-23:
[[8], [8], [14], [82], [108], [111], [147], [149], [179], [228], [189], [315], [300], [433], [433], [433], [410], [512], [512], [512], [512], [512], [512], [512], [512], [512], [512], [512], [512], [512], [512], [512], [512], [512], [512], [512], [512], [512], [512], [512], [512], [512], [512], [512], [512], [512], [512], [512], [512], [512], [512], [512], [512], [512], [512], [512], [512], [512], [512], [512], [512], [512], [512], [512], [512], [512], [512], [512], [512], [512], [512], [512], [512], [512], [512], [512], [512], [512], [512], [512], [512], [512], [512], [512], [512], [512], [512], [512], [512], [512], [512], [512], [512], [512], [512], [512], [512], [512], [512], [512], [512], [512], [512], [512], [512], [512], [512], [512], [512], [512], [512], [512], [512], [512], [512], [512], [512], [512], [512], [512], [512], [512], [512], [512], [512]]
Time: 15-53:
[[1], [14], [49], [60], [98], [130], [151], [179], [228], [228], [226], [252], [274], [283], [332], [341], [388], [341], [422], [411], [386], [504], [504], [512], [512], [512], [512], [512], [512], [512], [512], [512], [512], [512], [512], [512], [512], [512], [512], [512], [512], [512], [512], [512], [512], [512], [512], [512], [512], [512], [512], [512], [512], [512], [512], [512], [512], [512], [512], [512], [512], [512], [512], [512], [512], [512], [512], [512], [512], [512], [512], [512], [512], [512], [512], [512], [512], [512], [512], [512], [512], [512], [512], [512], [512], [512], [512], [512], [512], [512], [512], [512], [512], [512], [512], [512], [512], [512], [512], [512], [512], [512], [512], [512], [512], [512], [512], [512], [512], [512], [512], [512], [512], [512], [512], [512], [512], [512], [512], [512], [512], [512], [512], [512], [512]]
Time: 18-24:
[[77], [133], [64], [120], [196], [167], [283], [337], [346], [366], [422], [512], [422], [512], [512], [512], [512], [512], [512], [512], [512], [512], [512], [512], [512], [512], [512], [512], [512], [512], [512], [512], [512], [512], [512], [512], [512], [512], [512], [512], [512], [512], [512], [512], [512], [512], [512], [512], [512], [512], [512], [512], [512], [512], [512], [512], [512], [512], [512], [512], [512], [512], [512], [512], [512], [512], [512], [512], [512], [512], [512], [512], [512], [512], [512], [512], [512], [512], [512], [512], [512], [512], [512], [512], [512], [512], [512], [512], [512], [512], [512], [512], [512], [512], [512], [512], [512], [512], [512], [512], [512], [512], [512], [512], [512], [512], [512], [512], [512], [512], [512], [512], [512], [512], [512], [512], [512], [512], [512], [512], [512], [512], [512], [512], [512]]
Time: 21-22:
[[6], [9], [36], [62], [59], [62], [100], [151], [150], [190], [184], [189], [218], [218], [225], [218], [218], [249], [271], [264], [271], [271], [341], [271], [288], [288], [380], [380], [411], [384], [422], [410], [380], [422], [411], [388], [439], [504], [510], [504], [512], [512], [512], [512], [512], [512], [512], [512], [512], [512], [512], [512], [512], [512], [512], [512], [512], [512], [512], [512], [512], [512], [512], [512], [512], [512], [512], [512], [512], [512], [512], [512], [512], [512], [512], [512], [512], [512], [512], [512], [512], [512], [512], [512], [512], [512], [512], [512], [512], [512], [512], [512], [512], [512], [512], [512], [512], [512], [512], [512], [512], [512], [512], [512], [512], [512], [512], [512], [512], [512], [512], [512], [512], [512], [512], [512], [512], [512], [512], [512], [512], [512], [512], [512], [512]]
Time: 23-49:
[[24], [53], [82], [89], [82], [82], [89], [96], [146], [84], [142], [142], [142], [142], [313], [512], [512], [512], [512], [512], [512], [512], [512], [512], [512], [512], [221], [512], [512], [512], [512], [512], [512], [512], [512], [512], [512], [512], [512], [512], [512], [512], [512], [512], [512], [512], [512], [512], [512], [512], [512], [512], [512], [512], [512], [512], [512], [512], [512], [512], [512], [512], [512], [512], [512], [512], [512], [512], [512], [512], [512], [512], [512], [512], [512], [512], [512], [512], [512], [512], [512], [512], [512], [512], [512], [512], [512], [512], [512], [512], [512], [512], [512], [512], [512], [512], [512], [512], [512], [512], [512], [512], [512], [512], [512], [512], [512], [512], [512], [512], [512], [512], [512], [512], [512], [512], [512], [512], [512], [512], [512], [512], [512], [512], [512]]
Time: 26-13:
[[50], [50], [90], [14], [283], [164], [108], [384], [512], [422], [512], [512], [512], [512], [512], [512], [512], [512], [512], [512], [512], [512], [512], [512], [512], [512], [512], [512], [512], [512], [512], [512], [512], [512], [512], [512], [512], [512], [512], [512], [512], [512], [512], [512], [512], [512], [512], [512], [512], [512], [512], [512], [512], [512], [512], [512], [512], [512], [512], [512], [512], [512], [512], [512], [512], [512], [512], [512], [512], [512], [512], [512], [512], [512], [512], [512], [512], [512], [512], [512], [512], [512], [512], [512], [512], [512], [512], [512], [512], [512], [512], [512], [512], [512], [512], [512], [512], [512], [512], [512], [512], [512], [512], [512], [512], [512], [512], [512], [512], [512], [512], [512], [512], [512], [512], [512], [512], [512], [512], [512], [512], [512], [512], [512], [512]]
Time: 29-11:
[[0], [14], [132], [125], [164], [191], [201], [266], [251], [274], [265], [276], [332], [340], [422], [440], [454], [444], [512], [512], [512], [512], [512], [512], [512], [512], [512], [512], [512], [512], [512], [512], [512], [512], [512], [512], [512], [512], [512], [512], [512], [512], [512], [512], [512], [512], [512], [512], [512], [512], [512], [512], [512], [512], [512], [512], [512], [512], [512], [512], [512], [512], [512], [512], [512], [512], [512], [512], [512], [512], [512], [512], [512], [512], [512], [512], [512], [512], [512], [512], [512], [512], [512], [512], [512], [512], [512], [512], [512], [512], [512], [512], [512], [512], [512], [512], [512], [512], [512], [512], [512], [512], [512], [512], [512], [512], [512], [512], [512], [512], [512], [512], [512], [512], [512], [512], [512], [512], [512], [512], [512], [512], [512], [512], [512]]
Time: 31-56:
[[0], [9], [1], [20], [30], [11], [30], [36], [37], [37], [37], [37], [37], [37], [37], [37], [37], [37], [37], [37], [37], [37], [37], [37], [37], [40], [37], [37], [37], [37], [37], [37], [37], [89], [89], [104], [89], [88], [112], [88], [88], [112], [88], [89], [112], [105], [136], [128], [128], [128], [108], [182], [136], [128], [128], [131], [182], [108], [128], [206], [190], [190], [190], [190], [280], [164], [182], [136], [243], [217], [275], [131], [128], [182], [206], [190], [88], [128], [186], [280], [190], [182], [108], [243], [206], [223], [190], [182], [369], [243], [369], [243], [243], [186], [206], [280], [264], [243], [388], [369], [243], [265], [313], [431], [369], [297], [243], [370], [337], [369], [369], [459], [369], [372], [388], [472], [280], [369], [280], [369], [369], [369], [512], [243], [431]]
Time: 33-39:
[[50], [133], [190], [133], [153], [337], [283], [265], [366], [422], [422], [512], [512], [512], [512], [512], [512], [512], [512], [512], [512], [512], [512], [512], [512], [512], [512], [512], [512], [512], [512], [512], [512], [512], [512], [512], [512], [512], [512], [512], [512], [512], [512], [512], [512], [512], [512], [512], [512], [512], [512], [512], [512], [512], [512], [512], [512], [512], [512], [512], [512], [512], [512], [512], [512], [512], [512], [512], [512], [512], [512], [512], [512], [512], [512], [512], [512], [512], [512], [512], [512], [512], [512], [512], [512], [512], [512], [512], [512], [512], [512], [512], [512], [512], [512], [512], [512], [512], [512], [512], [512], [512], [512], [512], [512], [512], [512], [512], [512], [512], [512], [512], [512], [512], [512], [512], [512], [512], [512], [512], [512], [512], [512], [512], [512]]
Time: 36-30:
[[90], [77], [114], [122], [96], [283], [266], [346], [512], [504], [504], [504], [512], [512], [512], [512], [512], [512], [512], [512], [512], [512], [512], [512], [512], [512], [512], [512], [512], [512], [512], [512], [512], [512], [512], [512], [512], [512], [512], [512], [512], [512], [512], [512], [512], [512], [512], [512], [512], [512], [512], [512], [512], [512], [512], [512], [512], [512], [512], [512], [512], [512], [512], [512], [512], [512], [512], [512], [512], [512], [512], [512], [512], [512], [512], [512], [512], [512], [512], [512], [512], [512], [512], [512], [512], [512], [512], [512], [512], [512], [512], [512], [512], [512], [512], [512], [512], [512], [512], [512], [512], [512], [512], [512], [512], [512], [512], [512], [512], [512], [512], [512], [512], [512], [512], [512], [512], [512], [512], [512], [512], [512], [512], [512], [512]]
Time: 39-29:
[[6], [11], [14], [46], [82], [115], [149], [151], [147], [192], [223], [252], [262], [285], [433], [410], [317], [504], [512], [512], [512], [512], [512], [512], [512], [512], [512], [512], [512], [512], [512], [512], [512], [512], [512], [512], [512], [512], [512], [512], [512], [512], [512], [512], [512], [512], [512], [512], [512], [512], [503], [512], [512], [512], [512], [512], [512], [512], [512], [512], [512], [512], [512], [512], [512], [512], [512], [512], [243], [512], [512], [512], [512], [512], [512], [512], [512], [512], [512], [512], [512], [512], [512], [512], [369], [512], [512], [512], [512], [512], [512], [512], [512], [512], [512], [512], [512], [512], [512], [512], [512], [512], [512], [512], [512], [512], [512], [512], [512], [512], [512], [512], [512], [512], [512], [512], [512], [512], [512], [512], [512], [512], [512], [512], [512]]
Time: 42-19:
[[77], [90], [125], [160], [132], [337], [337], [283], [393], [512], [512], [512], [512], [512], [512], [512], [512], [512], [512], [512], [512], [512], [512], [512], [512], [512], [512], [512], [512], [512], [512], [512], [512], [512], [512], [512], [512], [512], [512], [512], [512], [512], [512], [512], [512], [512], [512], [512], [512], [512], [512], [512], [512], [512], [512], [512], [512], [512], [512], [512], [512], [512], [512], [512], [512], [512], [512], [512], [512], [512], [512], [512], [512], [512], [512], [512], [512], [512], [512], [512], [512], [512], [512], [512], [512], [512], [512], [512], [512], [512], [512], [512], [512], [512], [512], [512], [512], [512], [512], [512], [512], [512], [512], [512], [512], [512], [512], [512], [512], [512], [512], [512], [512], [512], [512], [512], [512], [512], [512], [512], [512], [512], [512], [512], [512]]
Time: 45-17:
[[0], [9], [0], [0], [0], [21], [30], [21], [21], [11], [47], [30], [30], [30], [21], [37], [50], [50], [54], [54], [50], [47], [50], [50], [54], [54], [55], [54], [54], [57], [116], [89], [50], [57], [98], [108], [98], [108], [108], [132], [89], [112], [108], [108], [108], [108], [108], [108], [108], [108], [108], [107], [108], [132], [108], [136], [158], [108], [164], [132], [158], [182], [182], [131], [161], [158], [182], [190], [164], [163], [158], [182], [131], [178], [158], [161], [132], [182], [182], [182], [164], [163], [223], [161], [182], [190], [163], [164], [163], [179], [234], [186], [243], [243], [223], [238], [280], [403], [369], [431], [503], [337], [388], [337], [369], [369], [403], [369], [512], [403], [431], [388], [431], [369], [369], [431], [369], [512], [459], [431], [431], [486], [436], [344], [459]]
Time: 46-57:
[[0], [0], [1], [0], [0], [0], [0], [11], [9], [11], [0], [11], [29], [11], [40], [30], [11], [37], [41], [41], [41], [41], [82], [41], [37], [41], [37], [78], [82], [82], [88], [79], [82], [101], [88], [101], [108], [79], [112], [108], [98], [101], [108], [136], [108], [132], [136], [108], [132], [108], [136], [128], [136], [136], [136], [132], [136], [124], [131], [161], [136], [136], [136], [182], [182], [132], [182], [203], [190], [190], [161], [190], [161], [182], [203], [190], [337], [280], [243], [190], [190], [243], [210], [203], [280], [297], [163], [203], [252], [233], [337], [280], [190], [280], [369], [403], [369], [388], [431], [369], [403], [369], [369], [369], [403], [388], [369], [403], [403], [369], [444], [397], [431], [431], [431], [486], [369], [478], [369], [478], [372], [369], [403], [512], [369]]
Time: 48-48:
[[1], [0], [11], [37], [37], [61], [37], [78], [65], [69], [61], [82], [11], [142], [486], [267], [50], [512], [444], [512], [512], [512], [512], [512], [512], [512], [512], [512], [512], [512], [512], [512], [512], [512], [512], [63], [86], [512], [512], [512], [512], [512], [512], [512], [512], [512], [136], [512], [512], [512], [512], [512], [512], [512], [512], [512], [512], [512], [512], [512], [512], [512], [512], [512], [512], [512], [512], [512], [512], [512], [512], [512], [512], [512], [512], [512], [512], [512], [512], [512], [512], [512], [512], [512], [512], [512], [512], [512], [512], [512], [512], [512], [512], [512], [512], [512], [512], [512], [512], [512], [512], [512], [512], [512], [512], [512], [512], [512], [512], [512], [512], [512], [512], [512], [512], [512], [512], [512], [512], [512], [512], [512], [512], [478], [512]]
Time: 50-56:
[[0], [1], [6], [74], [48], [61], [94], [114], [121], [145], [179], [188], [182], [235], [206], [283], [276], [285], [285], [386], [431], [437], [78], [512], [512], [512], [512], [512], [512], [512], [512], [512], [512], [512], [512], [512], [486], [512], [512], [512], [512], [512], [512], [512], [512], [512], [512], [512], [512], [512], [512], [512], [512], [164], [512], [512], [512], [512], [512], [512], [512], [512], [512], [512], [512], [512], [512], [512], [512], [512], [512], [512], [512], [512], [512], [512], [512], [369], [512], [512], [512], [512], [512], [512], [512], [512], [512], [512], [512], [512], [512], [512], [512], [512], [512], [512], [512], [512], [512], [512], [512], [512], [512], [512], [512], [512], [512], [512], [512], [512], [512], [512], [512], [512], [512], [512], [510], [512], [512], [512], [512], [512], [512], [512], [512]]
Time: 53-16:
[[14], [14], [17], [46], [37], [37], [82], [82], [82], [79], [82], [89], [82], [89], [96], [82], [96], [96], [151], [142], [144], [132], [142], [134], [180], [186], [147], [180], [154], [198], [230], [262], [369], [262], [452], [274], [452], [512], [454], [502], [510], [512], [512], [512], [512], [512], [512], [512], [512], [512], [512], [512], [512], [512], [512], [512], [512], [512], [512], [512], [512], [512], [512], [512], [512], [512], [512], [512], [512], [512], [512], [512], [512], [512], [512], [512], [512], [512], [512], [512], [512], [512], [512], [512], [512], [512], [512], [512], [512], [512], [512], [512], [512], [512], [512], [512], [512], [512], [512], [512], [512], [512], [512], [512], [512], [512], [512], [512], [512], [512], [512], [512], [512], [512], [512], [512], [512], [512], [512], [512], [512], [512], [512], [512], [512]]
Time: 55-29:
[[15], [34], [114], [92], [191], [72], [266], [346], [346], [422], [504], [422], [512], [512], [512], [512], [512], [512], [512], [512], [512], [512], [512], [512], [512], [512], [512], [512], [512], [512], [512], [512], [512], [512], [512], [512], [512], [512], [512], [512], [512], [512], [512], [512], [512], [512], [512], [512], [512], [512], [512], [512], [512], [512], [512], [512], [512], [512], [512], [512], [512], [353], [512], [512], [512], [512], [512], [512], [512], [512], [512], [512], [512], [512], [512], [512], [512], [512], [512], [512], [512], [512], [512], [512], [512], [512], [512], [512], [512], [512], [512], [512], [512], [512], [512], [512], [512], [512], [512], [512], [512], [512], [512], [512], [512], [512], [512], [512], [512], [512], [512], [512], [512], [512], [512], [512], [512], [512], [512], [512], [512], [512], [512], [512], [512]]
Time: 58-30:
[[90], [90], [132], [106], [227], [200], [241], [393], [346], [346], [422], [504], [512], [512], [512], [512], [512], [512], [512], [512], [512], [512], [512], [512], [512], [512], [512], [512], [512], [512], [512], [512], [512], [512], [512], [512], [512], [512], [512], [512], [512], [512], [512], [512], [512], [512], [512], [512], [512], [512], [512], [512], [512], [512], [512], [512], [512], [512], [512], [512], [512], [512], [512], [512], [512], [512], [512], [512], [512], [512], [512], [512], [512], [512], [512], [512], [512], [512], [512], [512], [512], [512], [512], [512], [512], [512], [512], [512], [512], [512], [512], [512], [512], [512], [512], [512], [512], [512], [512], [512], [512], [512], [512], [512], [512], [512], [512], [512], [512], [512], [512], [512], [512], [512], [512], [512], [512], [512], [512], [512], [512], [512], [512], [512], [512]]
