Time: 13-54:
[[14], [15], [19], [20], [44], [49], [51], [74], [89], [93], [95], [98], [113], [117], [124], [127], [128], [128], [128], [128]]
Time: 34-47:
[[9], [14], [15], [20], [26], [32], [44], [49], [51], [56], [93], [95], [97], [98], [112], [124], [128], [128], [128], [128]]
Time: 54-23:
[[9], [6], [18], [64], [19], [56], [70], [82], [74], [158], [216], [142], [196], [196], [218], [256], [256], [256], [256], [256]]
Time: 54-57:
[[8], [17], [18], [61], [76], [41], [131], [91], [149], [220], [220], [249], [256], [256], [256], [256], [256], [256], [256], [256]]
Time: 55-34:
[[8], [17], [18], [22], [22], [82], [89], [91], [95], [127], [133], [142], [147], [181], [185], [253], [256], [256], [256], [256]]
Time: 56-40:
[[7], [7], [18], [24], [35], [38], [39], [47], [55], [99], [109], [125], [128], [128], [128], [128], [128], [128], [128], [128]]
