Time: 05-46:
[[0, 4], [0, 7], [2, 12], [3, 2], [3, 10], [4, 0], [4, 4], [5, 15], [5, 15], [6, 8], [8, 2], [9, 12], [11, 4], [11, 6], [11, 8], [12, 2], [12, 15], [14, 1], [14, 8], [15, 16]]
Time: 06-39:
[[0, 4], [1, 7], [2, 12], [3, 8], [3, 10], [3, 0], [4, 4], [5, 15], [5, 15], [6, 8], [8, 2], [9, 15], [11, 1], [11, 6], [11, 8], [12, 10], [12, 15], [14, 1], [14, 8], [15, 16]]
Time: 26-36:
[[0, 0], [1, 11], [1, 11], [3, 8], [3, 8], [7, 14], [8, 8], [8, 13], [10, 2], [10, 3], [13, 3], [14, 15], [15, 1], [15, 7], [16, 10], [16, 16], [16, 16], [16, 16], [16, 16], [16, 16]]
Time: 28-02:
[[1, 4], [1, 7], [3, 12], [3, 9], [3, 10], [4, 0], [4, 4], [8, 1], [7, 15], [6, 8], [9, 2], [9, 2], [10, 15], [12, 6], [13, 16], [13, 1], [14, 7], [15, 16], [16, 16], [16, 16]]
Time: 46-50:
[[0, 0], [1, 11], [1, 11], [3, 8], [3, 8], [7, 14], [8, 8], [8, 13], [10, 2], [10, 3], [13, 3], [14, 15], [15, 1], [15, 6], [16, 16], [16, 16], [16, 16], [16, 16], [16, 16], [16, 16]]
Time: 48-43:
[[0, 0], [1, 11], [1, 11], [3, 8], [3, 8], [7, 14], [8, 8], [8, 13], [10, 2], [10, 3], [13, 6], [14, 15], [15, 1], [15, 6], [16, 16], [16, 16], [16, 16], [16, 7], [16, 16], [16, 16]]
