Time: 00-23:
[[34], [37], [37], [88], [96], [87], [108], [157], [143], [422], [241], [437], [512], [512], [512], [512], [512], [512], [512], [512], [512], [512], [512], [512], [512], [512], [512], [512], [512], [512], [512], [512], [512], [512], [512], [512], [512], [512], [512], [512], [512], [512], [512], [512], [512], [512], [512], [512], [512], [512], [512], [512], [512], [512], [512], [512], [512], [512], [512], [512], [512], [512], [512], [512], [512], [512], [512], [512], [512], [512], [512], [512], [512], [512], [512], [512], [512], [512], [512], [512], [512], [512], [512], [512], [512], [512], [512], [512], [512], [512], [512], [512], [512], [512], [512], [512], [512], [512], [512], [512], [512], [512], [512], [512], [512], [512], [512], [512], [512], [512], [512], [512], [512], [512], [512], [512], [512], [512], [512], [512], [512], [512], [512], [512], [512]]
Time: 02-59:
[[0], [68], [32], [84], [63], [96], [108], [86], [143], [184], [240], [422], [512], [512], [512], [512], [512], [512], [512], [512], [512], [512], [512], [512], [512], [512], [512], [512], [512], [512], [512], [512], [512], [512], [512], [512], [512], [512], [512], [512], [512], [512], [512], [512], [512], [512], [512], [512], [512], [512], [512], [512], [512], [512], [512], [512], [512], [512], [512], [512], [512], [512], [512], [512], [512], [512], [512], [512], [512], [512], [512], [512], [512], [512], [512], [512], [512], [512], [512], [512], [512], [512], [512], [512], [512], [512], [512], [512], [512], [512], [512], [512], [512], [512], [512], [512], [512], [512], [512], [512], [512], [512], [512], [512], [512], [512], [512], [512], [512], [512], [512], [512], [512], [512], [512], [512], [512], [512], [512], [512], [512], [512], [512], [512], [512]]
Time: 05-31:
[[0], [10], [25], [33], [33], [61], [75], [86], [75], [94], [165], [165], [179], [165], [172], [252], [252], [504], [504], [512], [512], [512], [512], [512], [512], [512], [512], [512], [512], [512], [512], [512], [512], [512], [512], [512], [512], [512], [512], [512], [512], [512], [512], [512], [512], [512], [512], [512], [512], [512], [512], [512], [512], [512], [512], [512], [512], [512], [512], [512], [512], [512], [512], [512], [512], [512], [512], [512], [512], [512], [512], [512], [512], [512], [512], [512], [512], [512], [512], [512], [512], [512], [512], [512], [512], [512], [512], [512], [512], [512], [512], [512], [512], [512], [512], [512], [512], [512], [512], [512], [512], [512], [512], [512], [512], [512], [512], [512], [512], [512], [512], [512], [512], [512], [512], [512], [512], [512], [512], [512], [512], [512], [512], [512], [512]]
Time: 07-51:
[[3], [56], [133], [135], [132], [337], [337], [422], [422], [422], [504], [504], [504], [512], [512], [512], [512], [512], [512], [512], [512], [512], [512], [512], [512], [512], [512], [512], [512], [512], [512], [512], [512], [512], [512], [512], [512], [512], [512], [512], [512], [512], [512], [512], [512], [512], [512], [512], [512], [512], [512], [512], [512], [512], [512], [512], [512], [512], [512], [512], [512], [512], [512], [512], [512], [512], [512], [512], [512], [512], [512], [512], [512], [512], [512], [512], [512], [512], [512], [512], [512], [512], [512], [512], [512], [512], [512], [512], [512], [512], [512], [512], [512], [512], [512], [512], [512], [512], [512], [512], [512], [512], [512], [512], [512], [512], [512], [512], [512], [512], [512], [512], [512], [512], [512], [512], [512], [512], [512], [512], [512], [512], [512], [512], [512]]
Time: 10-31:
[[0], [22], [26], [48], [48], [48], [45], [71], [98], [108], [165], [165], [184], [252], [262], [252], [504], [504], [504], [512], [512], [512], [512], [512], [512], [512], [512], [512], [512], [512], [512], [512], [512], [512], [512], [512], [512], [512], [512], [512], [512], [512], [512], [512], [512], [512], [512], [512], [512], [512], [512], [512], [512], [512], [512], [512], [512], [512], [512], [512], [512], [512], [512], [512], [512], [512], [512], [512], [512], [512], [512], [512], [512], [512], [512], [512], [512], [512], [512], [512], [512], [512], [512], [512], [512], [512], [512], [512], [512], [512], [512], [512], [512], [512], [512], [512], [512], [512], [512], [512], [512], [512], [512], [512], [512], [512], [512], [512], [512], [512], [512], [512], [512], [512], [512], [512], [512], [512], [512], [512], [512], [512], [512], [512], [512]]
Time: 13-03:
[[50], [90], [77], [132], [283], [346], [486], [504], [504], [422], [504], [504], [504], [512], [512], [512], [512], [512], [512], [512], [512], [512], [512], [512], [512], [512], [512], [512], [512], [512], [512], [512], [512], [512], [512], [512], [512], [512], [512], [512], [512], [512], [512], [512], [512], [512], [512], [512], [512], [512], [512], [512], [512], [512], [512], [512], [512], [512], [512], [512], [512], [512], [512], [512], [512], [512], [512], [512], [512], [512], [512], [512], [512], [512], [512], [512], [512], [512], [512], [512], [512], [512], [512], [512], [512], [512], [512], [512], [512], [512], [512], [512], [512], [512], [512], [512], [512], [512], [512], [512], [512], [512], [512], [512], [512], [512], [512], [512], [512], [512], [512], [512], [512], [512], [512], [512], [512], [512], [512], [512], [512], [512], [512], [512], [512]]
Time: 15-59:
[[0], [14], [14], [14], [33], [44], [61], [61], [69], [65], [101], [101], [94], [112], [112], [114], [137], [137], [144], [152], [199], [207], [156], [512], [512], [512], [512], [512], [512], [512], [512], [202], [512], [512], [512], [512], [512], [512], [512], [512], [512], [512], [512], [512], [512], [512], [512], [512], [512], [512], [512], [512], [512], [512], [512], [512], [512], [512], [512], [512], [512], [512], [512], [512], [512], [512], [512], [512], [512], [512], [512], [512], [512], [512], [512], [512], [512], [512], [512], [512], [512], [512], [512], [512], [512], [512], [512], [512], [512], [512], [512], [512], [512], [512], [512], [512], [512], [512], [512], [512], [512], [512], [512], [512], [512], [512], [512], [512], [512], [512], [512], [512], [512], [512], [512], [512], [512], [512], [512], [512], [512], [512], [512], [512], [512]]
Time: 18-20:
[[37], [30], [17], [37], [30], [37], [50], [37], [37], [37], [37], [96], [96], [96], [89], [89], [89], [89], [96], [96], [112], [316], [316], [512], [512], [512], [512], [512], [512], [512], [512], [512], [512], [512], [512], [179], [512], [512], [512], [512], [512], [512], [512], [512], [512], [512], [512], [512], [512], [512], [512], [512], [512], [512], [512], [512], [512], [512], [512], [512], [512], [512], [512], [512], [512], [512], [512], [512], [512], [512], [512], [512], [512], [512], [512], [512], [512], [512], [512], [512], [512], [512], [512], [512], [512], [512], [512], [512], [512], [512], [512], [512], [512], [512], [512], [512], [512], [512], [512], [512], [512], [512], [512], [512], [512], [512], [512], [512], [512], [512], [512], [512], [512], [512], [512], [512], [512], [512], [512], [512], [512], [512], [512], [512], [512]]
Time: 20-45:
[[2], [21], [31], [34], [50], [50], [68], [72], [75], [91], [101], [103], [108], [120], [151], [151], [162], [163], [187], [187], [187], [190], [210], [217], [228], [237], [252], [263], [267], [267], [297], [297], [346], [410], [428], [510], [512], [512], [512], [512], [512], [512], [512], [512], [512], [512], [512], [512], [512], [512], [512], [512], [512], [512], [512], [512], [512], [512], [512], [512], [512], [512], [512], [512], [512], [512], [512], [512], [512], [512], [512], [512], [512], [512], [512], [512], [512], [512], [512], [512], [512], [512], [512], [512], [512], [512], [512], [512], [512], [512], [512], [512], [512], [512], [512], [512], [512], [512], [512], [512], [512], [512], [512], [512], [512], [512], [512], [512], [512], [512], [512], [512], [512], [512], [512], [512], [512], [512], [512], [512], [512], [512], [512], [512], [512]]
Time: 23-20:
[[34], [90], [133], [190], [164], [215], [191], [337], [346], [422], [422], [512], [380], [512], [512], [512], [512], [512], [512], [512], [512], [512], [512], [512], [512], [512], [512], [512], [512], [512], [512], [512], [512], [512], [512], [512], [512], [512], [512], [512], [512], [512], [512], [512], [512], [512], [512], [512], [512], [512], [512], [512], [512], [512], [512], [512], [512], [512], [512], [512], [512], [512], [512], [512], [512], [512], [512], [512], [512], [512], [512], [512], [512], [512], [512], [512], [512], [512], [512], [512], [512], [512], [512], [512], [512], [512], [512], [512], [512], [512], [512], [512], [512], [512], [512], [512], [512], [512], [512], [512], [512], [512], [512], [512], [512], [512], [512], [512], [512], [512], [512], [512], [512], [512], [512], [512], [512], [512], [512], [512], [512], [512], [512], [512], [512]]
Time: 26-34:
[[1], [1], [14], [14], [33], [61], [61], [61], [46], [79], [94], [97], [165], [165], [165], [252], [252], [252], [504], [504], [512], [512], [512], [512], [512], [512], [512], [512], [512], [512], [512], [512], [512], [512], [512], [512], [512], [512], [512], [512], [512], [512], [512], [512], [512], [512], [512], [512], [512], [512], [512], [512], [512], [512], [512], [512], [512], [512], [512], [512], [512], [512], [512], [512], [512], [512], [512], [512], [512], [512], [512], [512], [512], [512], [512], [512], [512], [512], [512], [512], [512], [512], [512], [512], [512], [512], [512], [512], [512], [512], [512], [512], [512], [512], [512], [512], [512], [512], [512], [512], [512], [512], [512], [512], [512], [512], [512], [512], [512], [512], [512], [512], [512], [512], [512], [512], [512], [512], [512], [512], [512], [512], [512], [512], [512]]
Time: 29-06:
[[0], [0], [0], [9], [9], [11], [11], [11], [11], [11], [1], [41], [41], [41], [50], [41], [41], [41], [41], [41], [41], [50], [50], [41], [41], [41], [55], [79], [54], [47], [80], [89], [63], [80], [89], [80], [108], [70], [108], [108], [108], [108], [108], [108], [108], [111], [112], [108], [108], [111], [136], [131], [136], [124], [131], [116], [78], [126], [182], [126], [158], [190], [182], [153], [153], [182], [182], [203], [179], [161], [179], [234], [161], [163], [163], [163], [243], [243], [244], [243], [243], [243], [344], [375], [243], [243], [243], [223], [265], [243], [243], [337], [344], [369], [243], [369], [372], [369], [369], [344], [369], [369], [372], [372], [369], [414], [414], [388], [372], [369], [403], [369], [409], [403], [414], [369], [397], [431], [369], [431], [375], [459], [478], [414], [372]]
Time: 30-42:
[[58], [237], [133], [202], [337], [283], [378], [378], [422], [422], [422], [422], [512], [512], [512], [512], [512], [512], [512], [512], [512], [512], [512], [512], [512], [512], [512], [512], [512], [512], [512], [512], [512], [512], [512], [512], [512], [512], [512], [512], [512], [512], [512], [512], [512], [512], [512], [512], [512], [512], [512], [512], [512], [512], [512], [512], [512], [512], [512], [512], [512], [512], [512], [512], [512], [512], [512], [512], [512], [512], [512], [512], [512], [512], [512], [512], [512], [512], [512], [512], [512], [512], [512], [512], [512], [512], [512], [512], [512], [512], [512], [512], [512], [512], [512], [512], [512], [512], [512], [512], [512], [512], [512], [512], [512], [512], [512], [512], [512], [512], [512], [512], [512], [512], [512], [512], [512], [512], [512], [512], [512], [512], [512], [512], [512]]
Time: 33-15:
[[90], [393], [337], [96], [337], [337], [486], [413], [422], [459], [498], [512], [512], [512], [512], [512], [512], [512], [504], [512], [512], [512], [512], [512], [512], [512], [512], [512], [512], [512], [512], [512], [512], [512], [512], [512], [512], [512], [512], [512], [512], [512], [512], [512], [512], [512], [512], [512], [512], [512], [512], [512], [512], [512], [512], [512], [512], [512], [512], [512], [512], [512], [512], [512], [512], [512], [512], [512], [512], [512], [512], [512], [512], [512], [512], [512], [512], [512], [512], [512], [512], [512], [512], [512], [512], [512], [512], [512], [512], [512], [512], [512], [512], [512], [512], [512], [512], [512], [512], [512], [512], [512], [512], [512], [512], [512], [512], [512], [512], [512], [512], [512], [512], [512], [512], [512], [512], [512], [512], [512], [512], [512], [512], [512], [512]]
Time: 36-24:
[[8], [3], [106], [106], [210], [422], [422], [486], [378], [459], [437], [437], [512], [512], [512], [512], [512], [512], [512], [512], [512], [512], [512], [512], [512], [512], [512], [512], [512], [512], [512], [512], [512], [512], [512], [512], [512], [512], [512], [512], [512], [512], [512], [512], [512], [512], [512], [512], [512], [512], [512], [512], [512], [512], [512], [512], [512], [512], [512], [512], [512], [512], [512], [512], [512], [512], [512], [512], [512], [512], [512], [512], [512], [512], [512], [512], [512], [512], [512], [512], [512], [512], [512], [512], [512], [512], [512], [512], [512], [512], [512], [512], [512], [512], [512], [512], [512], [512], [512], [512], [512], [512], [512], [512], [512], [512], [512], [512], [512], [512], [512], [512], [512], [512], [512], [512], [512], [512], [512], [512], [512], [512], [512], [512], [512]]
Time: 39-26:
[[0], [89], [62], [1], [62], [62], [62], [62], [94], [62], [94], [165], [217], [276], [276], [267], [276], [285], [380], [444], [444], [512], [512], [512], [512], [512], [512], [512], [512], [512], [512], [512], [512], [512], [512], [512], [512], [512], [512], [512], [512], [512], [512], [512], [512], [512], [512], [512], [512], [512], [512], [512], [512], [512], [512], [512], [512], [512], [512], [512], [512], [512], [512], [512], [512], [512], [512], [512], [512], [512], [512], [512], [512], [512], [512], [512], [512], [512], [512], [512], [512], [512], [512], [512], [512], [512], [512], [512], [512], [512], [512], [512], [512], [512], [512], [512], [512], [512], [512], [512], [512], [512], [512], [512], [512], [512], [512], [512], [512], [512], [512], [512], [512], [512], [512], [512], [512], [512], [512], [512], [512], [512], [512], [512], [512]]
Time: 41-19:
[[0], [0], [0], [1], [4], [1], [11], [1], [50], [27], [11], [11], [20], [37], [37], [35], [37], [37], [50], [37], [37], [50], [50], [50], [37], [80], [79], [54], [74], [80], [50], [79], [78], [44], [78], [88], [78], [82], [98], [98], [98], [94], [98], [57], [131], [108], [108], [65], [108], [98], [108], [121], [139], [128], [114], [108], [163], [121], [126], [108], [179], [161], [168], [243], [163], [179], [190], [252], [179], [202], [206], [243], [243], [223], [252], [234], [229], [243], [305], [243], [238], [243], [243], [369], [228], [243], [223], [243], [274], [243], [297], [337], [243], [243], [372], [359], [372], [375], [369], [369], [370], [305], [369], [337], [388], [431], [370], [369], [414], [388], [459], [408], [512], [403], [393], [372], [388], [388], [431], [414], [436], [431], [456], [414], [478]]
Time: 42-58:
[[1], [1], [14], [14], [64], [23], [62], [46], [50], [79], [165], [165], [252], [262], [262], [431], [388], [422], [504], [504], [512], [512], [512], [512], [512], [512], [512], [512], [512], [512], [512], [512], [512], [512], [512], [512], [512], [512], [512], [512], [512], [512], [512], [512], [512], [512], [512], [512], [512], [512], [512], [512], [512], [512], [512], [512], [512], [512], [512], [512], [512], [512], [512], [512], [512], [512], [512], [512], [512], [512], [512], [512], [512], [512], [512], [512], [512], [512], [512], [512], [512], [512], [512], [512], [512], [512], [512], [512], [512], [512], [512], [512], [512], [512], [512], [512], [512], [512], [512], [512], [512], [512], [512], [512], [512], [512], [512], [512], [512], [512], [512], [512], [512], [512], [512], [512], [512], [512], [512], [512], [512], [512], [512], [512], [512]]
Time: 44-53:
[[0], [0], [114], [0], [170], [191], [226], [226], [166], [370], [504], [11], [338], [504], [504], [433], [504], [454], [504], [504], [512], [512], [512], [512], [512], [512], [512], [512], [512], [512], [512], [512], [512], [512], [512], [512], [157], [512], [512], [512], [512], [512], [512], [512], [512], [512], [512], [512], [512], [512], [512], [512], [512], [512], [512], [512], [512], [512], [512], [512], [512], [512], [512], [512], [512], [512], [512], [512], [512], [512], [512], [512], [512], [512], [512], [512], [512], [512], [512], [512], [512], [512], [512], [512], [512], [512], [512], [512], [512], [512], [512], [512], [512], [512], [512], [512], [512], [512], [512], [512], [512], [512], [512], [512], [512], [512], [512], [512], [512], [478], [512], [512], [512], [512], [512], [512], [512], [512], [512], [512], [512], [512], [512], [512], [512]]
Time: 46-59:
[[0], [8], [32], [200], [60], [60], [165], [165], [11], [184], [210], [256], [252], [317], [30], [440], [54], [512], [512], [512], [512], [512], [512], [512], [512], [512], [512], [512], [512], [512], [512], [512], [512], [512], [512], [512], [512], [512], [512], [512], [512], [512], [512], [512], [108], [512], [512], [512], [512], [512], [512], [512], [512], [512], [512], [512], [512], [512], [512], [112], [512], [512], [512], [512], [512], [512], [512], [182], [512], [512], [512], [512], [512], [512], [512], [512], [512], [512], [512], [512], [512], [512], [512], [512], [512], [512], [512], [512], [512], [512], [512], [512], [512], [512], [512], [512], [512], [512], [512], [512], [512], [512], [512], [512], [512], [512], [512], [512], [512], [512], [512], [512], [512], [512], [512], [512], [512], [512], [512], [512], [512], [512], [512], [512], [512]]
Time: 48-50:
[[0], [0], [11], [9], [11], [0], [11], [11], [11], [11], [11], [7], [11], [30], [41], [54], [41], [41], [37], [30], [50], [15], [37], [37], [80], [44], [79], [54], [57], [54], [54], [79], [78], [63], [70], [80], [82], [98], [97], [88], [98], [98], [108], [98], [108], [108], [108], [108], [108], [112], [127], [112], [153], [126], [136], [131], [164], [163], [182], [161], [182], [158], [173], [161], [228], [131], [202], [182], [164], [182], [161], [163], [182], [243], [229], [206], [164], [234], [265], [234], [288], [369], [243], [223], [243], [163], [280], [243], [295], [238], [290], [280], [297], [297], [243], [297], [274], [297], [369], [369], [372], [369], [369], [372], [372], [369], [369], [388], [388], [388], [388], [369], [478], [431], [369], [388], [388], [403], [466], [478], [388], [388], [436], [478], [369]]
Time: 50-39:
[[0], [26], [26], [48], [85], [9], [91], [105], [129], [149], [169], [192], [202], [210], [223], [249], [271], [283], [283], [50], [410], [411], [411], [411], [504], [504], [512], [512], [512], [512], [512], [512], [512], [512], [512], [512], [512], [512], [512], [512], [512], [512], [512], [512], [512], [512], [512], [512], [512], [512], [512], [512], [512], [512], [512], [512], [512], [512], [512], [512], [512], [512], [512], [512], [512], [512], [512], [512], [512], [512], [512], [512], [512], [512], [512], [512], [512], [512], [512], [512], [512], [512], [512], [512], [512], [512], [512], [512], [512], [512], [512], [512], [512], [512], [512], [512], [512], [512], [512], [512], [512], [512], [512], [512], [512], [512], [512], [512], [512], [512], [512], [512], [512], [512], [512], [512], [512], [512], [512], [512], [512], [512], [512], [512], [512]]
Time: 52-43:
[[0], [8], [11], [37], [37], [37], [11], [37], [71], [37], [37], [37], [47], [37], [37], [37], [37], [54], [82], [79], [71], [79], [104], [89], [79], [126], [96], [131], [148], [124], [148], [148], [148], [148], [154], [148], [152], [142], [152], [108], [152], [142], [152], [152], [152], [152], [152], [206], [212], [152], [206], [206], [179], [152], [206], [206], [247], [206], [248], [206], [210], [223], [217], [264], [264], [297], [280], [332], [297], [264], [264], [366], [264], [264], [352], [369], [332], [369], [264], [512], [369], [452], [512], [512], [466], [512], [512], [512], [512], [512], [512], [512], [512], [512], [512], [512], [512], [512], [375], [512], [512], [512], [512], [512], [512], [512], [512], [512], [512], [512], [512], [512], [512], [512], [512], [512], [512], [512], [512], [512], [512], [512], [512], [512], [512]]
Time: 55-00:
[[0], [0], [0], [6], [0], [11], [14], [11], [29], [29], [37], [41], [37], [41], [37], [54], [54], [57], [49], [54], [77], [80], [80], [80], [80], [80], [80], [80], [80], [80], [98], [77], [111], [114], [98], [98], [132], [108], [108], [108], [116], [114], [108], [136], [108], [136], [173], [136], [153], [136], [136], [190], [190], [161], [205], [164], [190], [205], [163], [179], [205], [186], [223], [190], [243], [228], [223], [203], [163], [223], [238], [243], [243], [234], [243], [243], [243], [280], [271], [271], [388], [264], [332], [297], [297], [297], [351], [332], [280], [280], [297], [280], [512], [388], [414], [388], [388], [388], [459], [512], [459], [369], [512], [512], [512], [512], [512], [459], [512], [431], [512], [512], [512], [512], [388], [512], [512], [512], [512], [512], [512], [512], [466], [512], [512]]
Time: 57-06:
[[24], [26], [125], [96], [100], [164], [283], [250], [337], [422], [422], [422], [512], [512], [512], [512], [512], [512], [512], [512], [512], [512], [512], [512], [512], [512], [512], [512], [512], [512], [512], [512], [512], [512], [512], [512], [512], [512], [512], [512], [512], [512], [512], [512], [512], [512], [512], [512], [512], [512], [512], [512], [512], [512], [512], [512], [512], [512], [512], [512], [512], [512], [512], [512], [512], [512], [512], [512], [512], [512], [512], [512], [512], [512], [512], [512], [512], [512], [512], [512], [512], [512], [512], [512], [512], [512], [512], [512], [512], [512], [512], [512], [512], [512], [512], [512], [512], [512], [512], [512], [512], [512], [512], [512], [512], [512], [512], [512], [512], [512], [512], [512], [512], [512], [512], [512], [512], [512], [512], [512], [512], [512], [512], [512], [512]]
