Time: 26-07:
[[125], [39], [38], [18], [99], [55], [100], [24], [7], [7], [15], [109], [128], [128], [128], [128], [128], [128], [128], [128]]
Time: 27-43:
[[125], [39], [38], [18], [99], [55], [100], [24], [7], [7], [15], [109], [128], [128], [128], [128], [128], [128], [128], [128]]
Time: 28-10:
[[512], [512], [512], [512], [512], [512], [512], [512], [512], [512], [512], [512], [512], [512], [512], [512], [512], [512], [512], [512], [512], [512], [512], [512], [512], [512], [512], [512], [512], [512], [512], [512], [512], [512], [512], [512], [512], [512], [512], [512], [512], [512], [512], [512], [512], [512], [512], [512], [512], [512], [512], [512], [512], [512], [512], [512], [512], [512], [512], [512], [512], [512], [512], [512], [512], [512], [512], [512], [512], [512], [512], [512], [512], [512], [512], [512], [512], [512], [512], [512], [512], [512], [512], [512], [512], [512], [512], [512], [512], [512], [512], [512], [512], [512], [512], [512], [512], [512], [512], [512], [512], [512], [512], [512], [512], [512], [512], [512], [512], [512], [512], [512], [512], [512], [512], [512], [512], [512], [512], [512], [512], [512], [512], [512], [512]]
Time: 28-28:
[[1], [54], [9], [56], [97], [123], [112], [124], [43], [16], [15], [51], [44], [7], [128], [128], [128], [128], [128], [128]]
Time: 29-15:
[[123], [105], [94], [30], [30], [100], [100], [49], [49], [80], [15], [33], [2], [90], [128], [128], [128], [128], [128], [128]]
Time: 30-03:
[[1], [121], [123], [102], [97], [123], [48], [111], [79], [80], [73], [21], [59], [7], [17], [128], [128], [128], [128], [128]]
Time: 30-47:
[[123], [94], [94], [30], [30], [100], [100], [49], [90], [51], [15], [33], [76], [90], [128], [128], [128], [128], [128], [128]]
Time: 30-55:
[[123], [94], [94], [30], [30], [100], [100], [49], [90], [51], [15], [33], [76], [90], [128], [128], [128], [128], [128], [128]]
Time: 31-30:
[[58], [105], [106], [112], [124], [38], [112], [124], [46], [85], [73], [81], [2], [122], [128], [128], [128], [128], [128], [128]]
Time: 32-20:
[[50], [121], [38], [120], [13], [55], [28], [5], [23], [7], [73], [115], [128], [128], [128], [128], [128], [128], [128], [128]]
Time: 33-04:
[[95], [124], [9], [56], [97], [26], [112], [32], [49], [14], [15], [51], [44], [20], [98], [93], [128], [128], [128], [128]]
Time: 33-41:
[[125], [39], [38], [18], [99], [55], [35], [24], [7], [7], [47], [109], [128], [128], [128], [128], [128], [128], [128], [128]]
Time: 34-16:
[[125], [39], [38], [18], [99], [55], [35], [24], [7], [7], [47], [109], [128], [128], [128], [128], [128], [128], [128], [128]]
Time: 34-25:
[[82], [105], [1], [3], [66], [104], [53], [119], [122], [44], [73], [62], [115], [111], [128], [128], [128], [128], [128], [128]]
Time: 35-01:
[[123], [94], [94], [30], [30], [100], [100], [49], [90], [51], [15], [33], [76], [90], [128], [128], [128], [128], [128], [128]]
Time: 35-42:
[[125], [39], [38], [18], [99], [55], [35], [24], [7], [7], [47], [109], [128], [128], [128], [128], [128], [128], [128], [128]]
Time: 36-26:
[[123], [94], [94], [30], [30], [100], [100], [49], [90], [51], [15], [33], [76], [90], [128], [128], [128], [128], [128], [128]]
Time: 37-08:
[[125], [39], [38], [18], [99], [55], [35], [24], [7], [7], [47], [109], [128], [128], [128], [128], [128], [128], [128], [128]]
Time: 37-57:
[[125], [39], [38], [18], [99], [55], [35], [24], [7], [7], [47], [109], [128], [128], [128], [128], [128], [128], [128], [128]]
Time: 38-05:
[[125], [39], [38], [18], [99], [55], [35], [49], [7], [7], [47], [109], [128], [128], [128], [128], [128], [128], [128], [128]]
Time: 38-49:
[[125], [39], [38], [18], [99], [55], [35], [24], [7], [7], [47], [109], [128], [128], [128], [128], [128], [128], [128], [128]]
Time: 39-33:
[[82], [101], [69], [75], [102], [117], [30], [12], [66], [49], [51], [72], [14], [87], [24], [77], [17], [91], [128], [128]]
Time: 40-14:
[[95], [124], [9], [56], [97], [26], [112], [32], [49], [14], [15], [51], [44], [20], [98], [93], [128], [128], [128], [128]]
Time: 41-04:
[[125], [39], [38], [18], [99], [55], [35], [24], [7], [7], [47], [109], [128], [128], [128], [128], [128], [128], [128], [128]]
Time: 41-48:
[[10], [54], [9], [56], [97], [26], [6], [89], [43], [14], [73], [21], [44], [33], [17], [83], [128], [128], [128], [128]]
Time: 41-57:
[[82], [106], [69], [75], [102], [117], [30], [12], [66], [70], [51], [72], [14], [87], [24], [49], [17], [91], [128], [128]]
Time: 42-41:
[[95], [32], [19], [31], [69], [101], [100], [103], [127], [49], [37], [61], [114], [109], [65], [77], [98], [45], [128], [128]]
Time: 43-24:
[[10], [54], [9], [56], [97], [26], [112], [89], [79], [16], [15], [21], [44], [80], [17], [65], [128], [128], [128], [128]]
Time: 44-08:
[[10], [54], [9], [19], [97], [26], [6], [89], [43], [14], [73], [21], [44], [33], [60], [83], [128], [128], [128], [128]]
Time: 44-50:
[[125], [39], [38], [18], [99], [55], [35], [24], [7], [7], [47], [109], [128], [128], [128], [128], [128], [128], [128], [128]]
Time: 45-44:
[[107], [116], [103], [84], [63], [118], [22], [4], [40], [31], [15], [67], [114], [36], [2], [37], [88], [109], [61], [88]]
