Time: 00-33:
[[13], [14], [14], [113], [115], [228], [145], [265], [228], [184], [300], [386], [433], [380], [424], [436], [444], [512], [512], [512], [512], [512], [512], [512], [512], [512], [512], [512], [512], [512], [512], [512], [512], [512], [512], [512], [512], [512], [512], [512], [512], [512], [512], [512], [512], [512], [512], [512], [512], [512], [512], [512], [512], [512], [512], [512], [512], [512], [512], [512], [512], [512], [512], [512], [512], [512], [512], [512], [512], [512], [512], [512], [512], [512], [512], [512], [512], [512], [512], [512], [512], [512], [512], [512], [512], [512], [512], [512], [512], [512], [512], [512], [512], [512], [512], [512], [512], [512], [512], [512], [512], [512], [512], [512], [512], [512], [512], [512], [512], [512], [512], [512], [512], [512], [512], [512], [512], [512], [512], [512], [512], [512], [512], [512], [512]]
Time: 03-11:
[[9], [127], [116], [129], [129], [190], [125], [256], [346], [422], [346], [422], [504], [512], [512], [512], [512], [512], [512], [512], [512], [512], [512], [512], [512], [512], [512], [512], [512], [512], [512], [512], [512], [512], [512], [512], [512], [512], [512], [512], [512], [512], [512], [512], [512], [512], [512], [512], [512], [512], [512], [512], [512], [512], [512], [512], [512], [512], [512], [512], [512], [512], [512], [512], [512], [512], [512], [512], [512], [512], [512], [512], [512], [512], [512], [512], [512], [512], [512], [512], [512], [512], [512], [512], [512], [512], [512], [512], [512], [512], [512], [512], [512], [512], [512], [512], [512], [512], [512], [512], [512], [512], [512], [512], [512], [512], [512], [512], [512], [512], [512], [512], [512], [512], [512], [512], [512], [512], [512], [512], [512], [512], [512], [512], [512]]
Time: 05-49:
[[0], [14], [14], [25], [61], [61], [94], [87], [72], [113], [276], [249], [338], [433], [433], [433], [512], [512], [512], [512], [512], [454], [512], [512], [512], [512], [512], [512], [512], [512], [512], [512], [512], [512], [512], [512], [512], [512], [512], [512], [512], [512], [512], [512], [512], [512], [512], [512], [512], [512], [512], [512], [512], [512], [512], [512], [512], [512], [512], [512], [512], [512], [512], [512], [512], [512], [512], [512], [512], [512], [512], [512], [512], [512], [512], [512], [512], [512], [512], [512], [512], [512], [512], [512], [512], [512], [512], [512], [512], [512], [512], [512], [512], [512], [512], [512], [512], [512], [512], [512], [512], [512], [512], [512], [512], [512], [512], [512], [512], [512], [512], [512], [512], [512], [512], [512], [512], [512], [512], [512], [512], [512], [512], [512], [512]]
Time: 09-01:
[[77], [50], [14], [120], [346], [422], [393], [378], [393], [504], [422], [504], [504], [512], [512], [512], [512], [512], [512], [512], [512], [512], [512], [512], [512], [512], [512], [512], [512], [512], [512], [512], [512], [512], [512], [512], [512], [512], [512], [512], [512], [512], [512], [512], [512], [512], [512], [512], [512], [512], [512], [512], [512], [512], [512], [512], [512], [512], [512], [512], [512], [512], [512], [512], [512], [512], [512], [512], [512], [512], [512], [512], [512], [512], [512], [512], [512], [512], [512], [512], [512], [512], [512], [512], [512], [512], [512], [512], [512], [512], [512], [512], [512], [512], [512], [512], [512], [512], [512], [512], [512], [512], [512], [512], [512], [512], [512], [512], [512], [512], [512], [512], [512], [512], [512], [512], [512], [512], [512], [512], [512], [512], [512], [512], [512]]
Time: 11-50:
[[9], [80], [84], [136], [210], [283], [265], [422], [384], [512], [437], [512], [512], [512], [512], [512], [512], [512], [512], [512], [512], [512], [512], [512], [512], [512], [512], [512], [512], [512], [512], [512], [512], [512], [512], [512], [512], [512], [512], [512], [512], [512], [512], [512], [512], [512], [512], [512], [512], [512], [512], [512], [512], [512], [512], [512], [512], [512], [512], [512], [512], [512], [512], [512], [512], [512], [512], [512], [512], [512], [512], [512], [512], [512], [512], [512], [512], [512], [512], [512], [512], [512], [512], [512], [512], [512], [512], [512], [512], [512], [512], [512], [512], [512], [512], [512], [512], [512], [512], [512], [512], [512], [512], [512], [512], [512], [512], [512], [512], [512], [512], [512], [512], [512], [512], [512], [512], [512], [512], [512], [512], [512], [512], [512], [512]]
Time: 14-51:
[[50], [77], [127], [190], [191], [346], [226], [422], [337], [422], [422], [512], [433], [512], [512], [512], [512], [512], [512], [512], [512], [512], [512], [512], [512], [512], [512], [512], [512], [512], [512], [512], [512], [512], [512], [512], [512], [512], [512], [512], [512], [512], [512], [512], [512], [512], [512], [512], [512], [512], [512], [512], [512], [512], [512], [512], [512], [512], [512], [512], [512], [512], [512], [512], [512], [512], [512], [512], [512], [512], [512], [512], [512], [512], [512], [512], [512], [512], [512], [512], [512], [512], [512], [512], [512], [512], [512], [512], [512], [512], [512], [512], [512], [512], [512], [512], [512], [512], [512], [512], [512], [512], [512], [512], [512], [512], [512], [512], [512], [512], [512], [512], [512], [512], [512], [512], [512], [512], [512], [512], [512], [512], [512], [512], [512]]
Time: 17-54:
[[0], [82], [82], [96], [82], [87], [145], [165], [403], [338], [403], [433], [330], [369], [472], [512], [512], [512], [512], [512], [512], [512], [512], [512], [512], [512], [512], [512], [512], [512], [512], [512], [512], [512], [512], [512], [512], [512], [512], [512], [512], [512], [512], [512], [512], [512], [512], [512], [512], [512], [512], [512], [512], [512], [512], [512], [512], [512], [512], [512], [512], [512], [512], [512], [512], [512], [512], [512], [512], [512], [512], [512], [512], [512], [512], [512], [512], [512], [512], [512], [512], [512], [512], [512], [512], [512], [512], [512], [512], [512], [512], [512], [512], [512], [512], [512], [512], [512], [512], [512], [512], [512], [512], [512], [512], [512], [512], [512], [512], [512], [512], [512], [512], [512], [512], [512], [512], [512], [512], [512], [512], [512], [512], [512], [512]]
Time: 20-29:
[[3], [114], [113], [191], [266], [252], [346], [422], [422], [504], [504], [459], [512], [512], [512], [512], [512], [512], [512], [512], [512], [512], [512], [512], [512], [512], [512], [512], [512], [512], [512], [512], [512], [512], [512], [512], [512], [512], [512], [512], [512], [512], [512], [512], [512], [512], [512], [512], [512], [512], [512], [512], [512], [512], [512], [512], [512], [512], [512], [512], [512], [512], [512], [512], [512], [512], [512], [512], [512], [512], [512], [512], [512], [512], [512], [512], [512], [512], [512], [512], [512], [512], [512], [512], [512], [512], [512], [512], [512], [512], [512], [512], [512], [512], [512], [512], [512], [512], [512], [512], [512], [512], [512], [512], [512], [512], [512], [512], [512], [512], [512], [512], [512], [512], [512], [512], [512], [512], [512], [512], [512], [512], [512], [512], [512]]
Time: 23-26:
[[9], [68], [132], [125], [164], [191], [283], [283], [283], [422], [241], [504], [504], [504], [512], [512], [504], [512], [512], [512], [512], [512], [512], [512], [512], [512], [512], [512], [512], [512], [512], [512], [512], [512], [512], [512], [512], [512], [512], [512], [512], [512], [512], [512], [512], [512], [512], [512], [512], [512], [512], [512], [512], [512], [512], [512], [512], [512], [512], [512], [512], [512], [512], [512], [512], [512], [512], [512], [512], [512], [512], [512], [512], [512], [512], [512], [512], [512], [512], [512], [512], [512], [512], [512], [512], [512], [512], [512], [512], [512], [512], [512], [512], [512], [512], [512], [512], [512], [512], [512], [512], [512], [512], [512], [512], [512], [512], [512], [512], [512], [512], [512], [512], [512], [512], [512], [512], [512], [512], [512], [512], [512], [512], [512], [512]]
Time: 26-31:
[[14], [14], [33], [102], [84], [146], [146], [165], [165], [200], [184], [196], [252], [267], [242], [341], [444], [512], [512], [512], [512], [512], [512], [512], [512], [512], [512], [512], [512], [512], [512], [512], [512], [512], [512], [512], [512], [512], [512], [512], [512], [512], [512], [512], [512], [512], [512], [512], [512], [512], [512], [512], [512], [512], [512], [512], [512], [512], [512], [512], [512], [512], [512], [512], [512], [512], [512], [512], [512], [512], [512], [512], [512], [512], [512], [512], [512], [512], [512], [512], [512], [512], [512], [512], [512], [512], [512], [512], [512], [512], [512], [512], [512], [512], [512], [512], [512], [512], [512], [512], [512], [512], [512], [512], [512], [512], [512], [512], [512], [512], [512], [512], [512], [512], [512], [512], [512], [512], [512], [512], [512], [512], [512], [512], [512]]
Time: 28-50:
[[34], [90], [132], [190], [283], [384], [337], [422], [504], [504], [504], [504], [504], [512], [512], [512], [512], [512], [512], [512], [512], [512], [512], [512], [512], [512], [512], [512], [512], [512], [512], [512], [512], [512], [512], [512], [512], [512], [512], [512], [512], [512], [512], [512], [512], [512], [512], [512], [512], [512], [512], [512], [512], [512], [512], [512], [512], [512], [512], [512], [512], [512], [512], [512], [512], [512], [512], [512], [512], [512], [512], [512], [512], [512], [512], [512], [512], [512], [512], [512], [512], [512], [512], [512], [512], [512], [512], [512], [512], [512], [512], [512], [512], [512], [512], [512], [512], [512], [512], [512], [512], [512], [512], [512], [512], [512], [512], [512], [512], [512], [512], [512], [512], [512], [512], [512], [512], [512], [512], [512], [512], [512], [512], [512], [512]]
Time: 30-36:
[[24], [90], [106], [129], [191], [283], [255], [378], [346], [413], [498], [512], [512], [512], [512], [512], [512], [512], [512], [512], [512], [512], [512], [512], [512], [512], [512], [512], [512], [512], [512], [512], [512], [512], [512], [512], [512], [512], [512], [512], [512], [512], [512], [512], [512], [512], [512], [512], [512], [512], [512], [512], [512], [512], [512], [512], [512], [512], [512], [512], [512], [512], [512], [512], [512], [512], [512], [512], [512], [512], [512], [512], [512], [512], [512], [512], [512], [512], [512], [512], [512], [512], [512], [512], [512], [512], [512], [512], [512], [512], [512], [512], [512], [512], [512], [512], [512], [512], [512], [512], [512], [512], [512], [512], [512], [512], [512], [512], [512], [512], [512], [512], [512], [512], [512], [512], [512], [512], [512], [512], [512], [512], [512], [512], [512]]
Time: 33-21:
[[22], [37], [75], [72], [137], [125], [179], [239], [300], [300], [341], [295], [341], [252], [433], [380], [512], [512], [512], [512], [512], [512], [512], [512], [512], [512], [512], [512], [512], [512], [512], [512], [512], [512], [512], [512], [512], [512], [512], [512], [512], [512], [512], [512], [512], [512], [512], [512], [512], [512], [512], [512], [512], [512], [512], [512], [512], [512], [512], [512], [512], [512], [512], [512], [512], [512], [512], [512], [512], [512], [512], [512], [512], [512], [512], [512], [512], [512], [512], [512], [512], [512], [512], [512], [512], [512], [512], [512], [512], [512], [512], [512], [512], [512], [512], [512], [512], [512], [512], [512], [512], [512], [512], [512], [512], [512], [512], [512], [512], [512], [512], [512], [512], [512], [512], [512], [512], [512], [512], [512], [512], [512], [512], [512], [512]]
Time: 36-15:
[[37], [29], [63], [64], [210], [210], [337], [287], [337], [422], [478], [512], [512], [512], [512], [512], [512], [512], [512], [512], [512], [512], [512], [512], [512], [512], [512], [512], [512], [512], [512], [512], [512], [512], [512], [512], [512], [512], [512], [512], [512], [512], [512], [512], [512], [512], [512], [512], [512], [512], [512], [512], [512], [512], [512], [512], [512], [512], [512], [512], [512], [512], [512], [512], [512], [512], [512], [512], [512], [512], [512], [512], [512], [512], [512], [512], [512], [512], [512], [512], [512], [512], [512], [512], [512], [512], [512], [512], [512], [512], [512], [512], [512], [512], [512], [512], [512], [512], [512], [512], [512], [512], [512], [512], [512], [512], [512], [512], [512], [512], [512], [512], [512], [512], [512], [512], [512], [512], [512], [512], [512], [512], [512], [512], [512]]
Time: 39-03:
[[0], [90], [90], [186], [132], [190], [283], [393], [504], [422], [504], [504], [512], [512], [512], [512], [512], [512], [504], [512], [512], [512], [512], [512], [512], [512], [512], [512], [512], [512], [512], [512], [512], [512], [512], [512], [512], [512], [512], [512], [512], [512], [512], [512], [512], [512], [512], [512], [512], [512], [512], [512], [512], [512], [512], [512], [512], [512], [512], [512], [512], [512], [512], [512], [512], [512], [512], [512], [512], [512], [512], [512], [512], [512], [512], [512], [512], [512], [512], [512], [512], [512], [512], [512], [512], [512], [512], [512], [512], [512], [512], [512], [512], [512], [512], [512], [512], [512], [512], [512], [512], [512], [512], [512], [512], [512], [512], [512], [512], [512], [512], [512], [512], [512], [512], [512], [512], [512], [512], [512], [512], [512], [512], [512], [512]]
Time: 41-41:
[[8], [37], [50], [96], [106], [337], [351], [393], [393], [504], [504], [504], [512], [512], [512], [512], [512], [512], [512], [512], [512], [512], [512], [512], [512], [512], [512], [512], [512], [512], [512], [512], [512], [512], [512], [512], [512], [512], [512], [512], [512], [512], [512], [512], [512], [512], [512], [512], [512], [512], [512], [512], [512], [512], [512], [512], [512], [512], [512], [512], [512], [512], [512], [512], [512], [512], [512], [512], [512], [512], [512], [512], [512], [512], [512], [512], [512], [512], [512], [512], [512], [512], [512], [512], [512], [512], [512], [512], [512], [512], [512], [512], [512], [512], [512], [512], [512], [512], [512], [512], [512], [512], [512], [512], [512], [512], [512], [512], [512], [512], [512], [512], [512], [512], [512], [512], [512], [512], [512], [512], [512], [512], [512], [512], [512]]
Time: 44-34:
[[90], [283], [422], [108], [393], [486], [413], [504], [504], [422], [504], [504], [512], [512], [512], [512], [512], [512], [512], [512], [512], [512], [512], [512], [512], [512], [512], [512], [512], [512], [512], [512], [512], [512], [512], [512], [512], [512], [512], [512], [512], [512], [512], [512], [512], [512], [512], [512], [512], [512], [512], [512], [512], [512], [512], [512], [512], [512], [512], [512], [512], [512], [512], [512], [512], [512], [512], [512], [512], [512], [512], [512], [512], [512], [512], [512], [512], [512], [512], [512], [512], [512], [512], [512], [512], [512], [512], [512], [512], [512], [512], [512], [512], [512], [512], [512], [512], [512], [512], [512], [512], [512], [512], [512], [512], [512], [512], [512], [512], [512], [512], [512], [512], [512], [512], [512], [512], [512], [512], [512], [512], [512], [512], [512], [512]]
Time: 47-37:
[[77], [90], [90], [132], [205], [133], [283], [422], [393], [504], [422], [512], [512], [512], [512], [512], [512], [512], [512], [512], [512], [512], [512], [512], [512], [512], [512], [512], [512], [512], [512], [512], [512], [512], [512], [512], [512], [512], [512], [512], [512], [512], [512], [512], [512], [512], [512], [512], [512], [512], [512], [512], [512], [512], [512], [512], [512], [512], [512], [512], [512], [512], [512], [512], [512], [512], [512], [512], [512], [512], [512], [512], [512], [512], [512], [512], [512], [512], [512], [512], [512], [512], [512], [512], [512], [512], [512], [512], [512], [512], [512], [512], [512], [512], [512], [512], [512], [512], [512], [512], [512], [512], [512], [512], [512], [512], [512], [512], [512], [512], [512], [512], [512], [512], [512], [512], [512], [512], [512], [512], [512], [512], [512], [512], [512]]
Time: 50-46:
[[14], [14], [14], [14], [14], [60], [370], [313], [341], [313], [341], [369], [433], [433], [512], [512], [512], [512], [512], [512], [512], [512], [512], [512], [512], [512], [512], [512], [512], [512], [512], [512], [512], [512], [512], [512], [512], [512], [512], [512], [512], [512], [512], [512], [512], [512], [512], [512], [512], [512], [512], [512], [512], [512], [512], [512], [512], [512], [512], [512], [512], [512], [512], [512], [512], [512], [512], [512], [512], [512], [512], [512], [512], [512], [512], [512], [512], [512], [512], [512], [512], [512], [512], [512], [512], [512], [512], [512], [512], [512], [512], [512], [512], [512], [512], [512], [512], [512], [512], [512], [512], [512], [512], [512], [512], [512], [512], [512], [512], [512], [512], [512], [512], [512], [512], [512], [512], [512], [512], [512], [512], [512], [512], [512], [512]]
Time: 53-26:
[[1], [14], [14], [14], [33], [46], [48], [61], [79], [94], [126], [504], [252], [422], [388], [422], [504], [504], [504], [512], [512], [512], [512], [512], [512], [512], [512], [512], [512], [512], [512], [512], [512], [512], [512], [512], [512], [512], [512], [512], [512], [512], [512], [512], [512], [512], [512], [512], [512], [512], [512], [512], [512], [512], [512], [512], [512], [512], [512], [512], [512], [512], [512], [512], [512], [512], [512], [512], [512], [512], [512], [512], [512], [512], [512], [512], [512], [512], [512], [512], [512], [512], [512], [512], [512], [512], [512], [512], [512], [512], [512], [512], [512], [512], [512], [512], [512], [512], [512], [512], [512], [512], [512], [512], [512], [512], [512], [512], [512], [512], [512], [512], [512], [512], [512], [512], [512], [512], [512], [512], [512], [512], [512], [512], [512]]
Time: 56-36:
[[0], [13], [14], [46], [48], [48], [62], [108], [115], [121], [179], [179], [295], [316], [316], [436], [428], [436], [504], [512], [512], [512], [512], [512], [512], [512], [512], [512], [512], [512], [512], [512], [512], [512], [512], [512], [512], [512], [512], [512], [512], [512], [512], [512], [512], [512], [512], [512], [512], [512], [512], [512], [512], [512], [512], [512], [512], [512], [512], [512], [512], [512], [512], [512], [512], [512], [512], [512], [512], [512], [512], [512], [512], [512], [512], [512], [512], [512], [512], [512], [512], [512], [512], [512], [512], [512], [512], [512], [512], [512], [512], [512], [512], [512], [512], [512], [512], [512], [512], [512], [512], [512], [512], [512], [512], [512], [512], [512], [512], [512], [512], [512], [512], [512], [512], [512], [512], [512], [512], [512], [512], [512], [512], [512], [512]]
Time: 59-17:
[[50], [90], [50], [129], [337], [422], [422], [422], [422], [504], [422], [504], [433], [512], [512], [512], [512], [512], [512], [512], [512], [512], [512], [512], [512], [512], [512], [512], [512], [512], [512], [512], [512], [512], [512], [512], [512], [512], [512], [512], [512], [512], [512], [512], [512], [512], [512], [512], [512], [512], [512], [512], [512], [512], [512], [512], [512], [512], [512], [512], [512], [512], [512], [512], [512], [512], [512], [512], [512], [512], [512], [512], [512], [512], [512], [512], [512], [512], [512], [512], [512], [512], [512], [512], [512], [512], [512], [512], [512], [512], [512], [512], [512], [512], [512], [512], [512], [512], [512], [512], [512], [512], [512], [512], [512], [512], [512], [512], [512], [512], [512], [512], [512], [512], [512], [512], [512], [512], [512], [512], [512], [512], [512], [512], [512]]
