Time: 00-03:
[[9], [14], [15], [20], [26], [32], [44], [49], [51], [56], [93], [95], [97], [98], [112], [124], [128], [128], [128], [128]]
Time: 24-48:
[[9], [6], [18], [64], [19], [56], [70], [82], [74], [158], [216], [142], [196], [196], [218], [256], [256], [256], [256], [256]]
Time: 24-59:
[[1, 3], [1, 13], [2, 12], [7, 8], [7, 8], [7, 9], [8, 12], [10, 3], [10, 12], [11, 12], [13, 12], [13, 5], [16, 16], [16, 16], [16, 16], [16, 16], [16, 16], [16, 16], [16, 16], [16, 16]]
Time: 25-05:
[[1, 0], [1, 13], [1, 11], [7, 8], [7, 11], [7, 12], [7, 8], [8, 13], [10, 12], [10, 12], [13, 12], [13, 15], [16, 1], [15, 16], [16, 8], [16, 16], [16, 16], [16, 16], [16, 16], [16, 16]]
Time: 25-51:
[[1, 3], [1, 13], [2, 12], [7, 11], [7, 11], [10, 9], [8, 12], [10, 3], [10, 3], [11, 12], [13, 6], [14, 5], [16, 16], [16, 16], [16, 16], [16, 16], [16, 16], [16, 16], [16, 16], [16, 16]]
Time: 25-59:
[[0, 3], [1, 13], [2, 12], [7, 5], [7, 8], [8, 14], [8, 8], [10, 3], [10, 12], [11, 12], [13, 3], [14, 5], [16, 16], [16, 7], [16, 16], [16, 16], [16, 16], [16, 16], [16, 16], [16, 16]]
Time: 26-41:
[[0, 0], [1, 11], [1, 11], [3, 8], [3, 8], [7, 14], [8, 8], [8, 13], [10, 2], [10, 3], [13, 3], [14, 15], [15, 1], [15, 7], [16, 16], [16, 16], [16, 16], [16, 16], [16, 16], [16, 16]]
Time: 26-50:
[[0, 0], [1, 11], [1, 11], [3, 8], [3, 8], [7, 14], [8, 8], [8, 12], [10, 2], [10, 3], [13, 3], [14, 15], [15, 1], [15, 7], [16, 16], [16, 16], [16, 16], [16, 16], [16, 16], [16, 16]]
Time: 27-29:
[[0, 0], [1, 11], [1, 0], [3, 8], [3, 8], [7, 14], [8, 8], [8, 13], [10, 2], [10, 3], [13, 3], [14, 15], [15, 1], [15, 7], [16, 16], [16, 16], [16, 16], [16, 16], [16, 16], [16, 16]]
Time: 27-39:
[[0, 0], [1, 11], [1, 12], [3, 8], [3, 8], [7, 14], [8, 8], [8, 13], [10, 2], [10, 3], [13, 3], [14, 15], [15, 1], [15, 7], [16, 16], [16, 16], [16, 16], [16, 16], [16, 16], [16, 16]]
Time: 28-18:
[[0, 4], [0, 7], [2, 12], [3, 2], [3, 8], [4, 4], [4, 4], [3, 15], [5, 15], [6, 8], [7, 2], [7, 12], [8, 4], [8, 8], [9, 8], [9, 16], [10, 2], [11, 2], [12, 8], [14, 1]]
Time: 28-27:
[[0, 0], [1, 11], [1, 11], [3, 8], [3, 8], [7, 14], [8, 8], [8, 13], [10, 2], [10, 3], [13, 3], [14, 15], [15, 1], [15, 7], [16, 16], [16, 16], [16, 16], [16, 16], [16, 16], [16, 16]]
Time: 28-37:
[[0, 4], [0, 11], [3, 12], [3, 2], [3, 10], [4, 0], [4, 8], [5, 15], [7, 15], [6, 8], [8, 2], [8, 12], [11, 15], [11, 6], [12, 8], [12, 1], [12, 15], [14, 1], [14, 8], [15, 16]]
Time: 28-45:
[[0, 0], [1, 11], [1, 11], [3, 8], [3, 8], [7, 14], [8, 8], [8, 13], [10, 2], [10, 3], [13, 8], [14, 15], [15, 1], [15, 7], [16, 16], [16, 16], [16, 16], [16, 16], [16, 16], [16, 16]]
Time: 29-16:
[[1, 3], [1, 13], [2, 11], [7, 11], [7, 11], [8, 9], [8, 12], [10, 3], [10, 12], [11, 12], [13, 6], [14, 5], [16, 16], [16, 7], [16, 16], [16, 16], [16, 16], [16, 16], [16, 16], [16, 16]]
Time: 29-35:
[[0, 3], [1, 11], [1, 12], [3, 8], [3, 8], [7, 14], [8, 8], [8, 3], [10, 2], [10, 3], [13, 3], [14, 15], [15, 1], [15, 7], [16, 16], [16, 16], [16, 16], [16, 16], [16, 16], [16, 16]]
Time: 30-04:
[[0, 0], [1, 11], [1, 11], [3, 8], [7, 8], [7, 14], [8, 8], [8, 13], [10, 2], [10, 3], [13, 3], [14, 15], [15, 1], [16, 8], [16, 16], [16, 16], [16, 16], [16, 16], [16, 16], [16, 16]]
Time: 30-25:
[[0, 0], [1, 11], [1, 11], [3, 8], [3, 8], [7, 14], [8, 8], [8, 13], [10, 2], [10, 3], [13, 3], [14, 15], [15, 1], [15, 7], [16, 16], [16, 16], [16, 16], [16, 16], [16, 16], [16, 16]]
Time: 30-53:
[[1, 3], [1, 13], [6, 12], [7, 11], [7, 5], [8, 9], [8, 12], [10, 3], [10, 12], [11, 12], [13, 6], [14, 5], [16, 16], [16, 16], [16, 16], [16, 16], [16, 16], [16, 16], [16, 16], [16, 16]]
Time: 31-14:
[[1, 3], [1, 13], [2, 12], [7, 11], [7, 11], [8, 9], [8, 12], [10, 13], [10, 12], [11, 12], [13, 6], [14, 5], [16, 8], [16, 7], [16, 16], [16, 16], [16, 16], [16, 16], [16, 16], [16, 16]]
Time: 31-42:
[[1, 10], [3, 11], [3, 15], [4, 9], [6, 13], [7, 8], [7, 15], [8, 1], [10, 15], [11, 4], [11, 12], [12, 2], [13, 6], [13, 8], [13, 10], [14, 7], [14, 7], [15, 9], [16, 16], [16, 16]]
Time: 32-04:
[[1, 3], [1, 13], [2, 12], [7, 11], [7, 11], [8, 9], [8, 12], [10, 3], [10, 12], [11, 12], [13, 6], [14, 5], [16, 1], [16, 16], [16, 10], [16, 16], [16, 16], [16, 16], [16, 16], [16, 16]]
Time: 32-31:
[[0, 0], [1, 11], [1, 11], [3, 8], [3, 8], [7, 14], [8, 8], [8, 3], [10, 2], [10, 3], [13, 3], [14, 15], [15, 1], [15, 7], [16, 16], [16, 16], [16, 16], [16, 16], [16, 16], [16, 16]]
Time: 32-40:
[[1, 3], [1, 13], [2, 12], [7, 11], [7, 11], [8, 14], [8, 12], [10, 3], [10, 12], [11, 12], [13, 3], [14, 5], [16, 16], [16, 16], [16, 16], [16, 16], [16, 16], [16, 16], [16, 16], [16, 16]]
Time: 32-53:
[[1, 0], [1, 13], [2, 12], [7, 11], [7, 11], [8, 9], [8, 12], [10, 3], [10, 12], [11, 12], [13, 6], [14, 5], [16, 16], [16, 16], [16, 16], [16, 16], [16, 16], [16, 16], [16, 16], [16, 16]]
Time: 33-01:
[[1, 3], [1, 13], [2, 12], [7, 11], [7, 11], [8, 9], [8, 12], [10, 3], [10, 12], [11, 12], [13, 3], [14, 5], [16, 16], [16, 16], [16, 16], [16, 16], [16, 16], [16, 16], [16, 16], [16, 16]]
Time: 33-29:
[[2, 12], [4, 8], [5, 0], [6, 9], [7, 4], [7, 8], [8, 8], [8, 12], [9, 3], [11, 15], [12, 11], [13, 10], [13, 14], [13, 14], [14, 5], [15, 9], [16, 16], [16, 16], [16, 16], [16, 16]]
Time: 33-50:
[[2, 12], [4, 8], [5, 0], [6, 9], [7, 4], [7, 8], [8, 8], [8, 12], [9, 3], [11, 15], [12, 3], [13, 15], [13, 13], [13, 14], [14, 5], [15, 16], [16, 16], [16, 16], [16, 16], [16, 16]]
Time: 34-18:
[[0, 0], [0, 7], [2, 12], [3, 0], [3, 2], [3, 4], [3, 9], [3, 10], [5, 15], [6, 15], [8, 2], [9, 12], [11, 15], [11, 4], [11, 8], [12, 2], [12, 2], [14, 1], [14, 8], [15, 9]]
Time: 34-39:
[[0, 4], [0, 10], [2, 12], [3, 0], [3, 2], [3, 4], [5, 4], [5, 13], [5, 4], [5, 1], [6, 3], [8, 4], [8, 15], [9, 2], [9, 12], [13, 10], [16, 13], [14, 2], [14, 1], [15, 16]]
Time: 35-07:
[[1, 0], [1, 14], [2, 12], [7, 11], [7, 8], [8, 9], [8, 15], [10, 3], [10, 8], [11, 12], [13, 6], [13, 13], [14, 14], [16, 15], [15, 16], [15, 16], [16, 16], [16, 16], [16, 16], [16, 16]]
Time: 35-27:
[[0, 3], [1, 13], [2, 12], [7, 11], [7, 11], [8, 9], [8, 12], [10, 3], [10, 12], [11, 12], [13, 6], [14, 5], [16, 1], [16, 16], [16, 16], [16, 16], [16, 16], [16, 16], [16, 16], [16, 16]]
Time: 35-55:
[[0, 3], [1, 13], [2, 12], [3, 0], [7, 11], [7, 9], [8, 12], [8, 9], [10, 3], [12, 6], [13, 6], [15, 2], [16, 16], [16, 16], [16, 16], [16, 16], [16, 16], [16, 16], [16, 16], [16, 16]]
Time: 36-16:
[[0, 0], [1, 11], [1, 0], [3, 8], [3, 8], [7, 14], [8, 8], [8, 13], [10, 2], [10, 3], [13, 3], [14, 15], [15, 1], [15, 7], [16, 16], [16, 16], [16, 16], [16, 16], [16, 16], [16, 16]]
Time: 36-45:
[[0, 12], [1, 10], [1, 15], [1, 4], [3, 10], [3, 12], [4, 13], [6, 13], [7, 6], [7, 0], [8, 0], [9, 1], [10, 2], [11, 16], [13, 8], [13, 6], [14, 1], [14, 7], [16, 16], [16, 16]]
Time: 36-54:
[[0, 0], [1, 11], [1, 11], [3, 8], [3, 8], [7, 14], [8, 8], [8, 13], [10, 2], [10, 3], [13, 6], [14, 15], [15, 1], [15, 7], [16, 16], [16, 16], [16, 16], [16, 16], [16, 16], [16, 16]]
Time: 37-05:
[[0, 12], [1, 11], [3, 15], [3, 9], [4, 10], [6, 8], [7, 8], [8, 1], [10, 15], [8, 4], [11, 12], [12, 2], [13, 6], [13, 16], [13, 10], [13, 1], [14, 7], [15, 9], [16, 16], [16, 16]]
Time: 37-14:
[[1, 3], [1, 13], [2, 12], [3, 11], [7, 11], [8, 9], [8, 12], [10, 3], [10, 12], [11, 12], [13, 6], [14, 5], [16, 16], [16, 16], [16, 16], [16, 16], [16, 16], [16, 16], [16, 16], [16, 16]]
Time: 37-43:
[[0, 0], [1, 11], [1, 11], [3, 8], [3, 8], [7, 14], [8, 8], [8, 13], [10, 2], [10, 3], [13, 3], [14, 15], [15, 1], [15, 7], [16, 16], [16, 16], [16, 16], [16, 16], [16, 16], [16, 16]]
Time: 38-03:
[[0, 0], [1, 11], [1, 11], [3, 8], [3, 8], [7, 14], [8, 8], [8, 13], [10, 2], [10, 3], [13, 3], [14, 15], [15, 1], [15, 7], [16, 16], [16, 16], [16, 16], [16, 16], [16, 16], [16, 16]]
Time: 38-33:
[[0, 3], [1, 13], [1, 15], [5, 10], [5, 11], [6, 4], [6, 12], [8, 3], [8, 12], [9, 2], [13, 12], [14, 5], [16, 16], [16, 16], [16, 16], [16, 16], [16, 16], [16, 16], [16, 16], [16, 16]]
Time: 39-00:
[[1, 3], [1, 13], [2, 12], [7, 11], [7, 11], [8, 9], [8, 12], [10, 3], [10, 12], [11, 12], [13, 5], [14, 5], [16, 16], [16, 16], [16, 16], [16, 16], [16, 16], [16, 16], [16, 16], [16, 16]]
Time: 39-22:
[[1, 3], [1, 13], [2, 12], [7, 11], [7, 11], [8, 9], [8, 12], [10, 3], [10, 12], [11, 12], [13, 6], [14, 5], [16, 16], [16, 16], [16, 16], [16, 16], [16, 16], [16, 16], [16, 16], [16, 16]]
Time: 39-49:
[[1, 3], [1, 13], [2, 12], [7, 11], [7, 11], [8, 9], [8, 13], [10, 3], [10, 12], [11, 12], [13, 6], [14, 5], [16, 16], [16, 16], [16, 16], [16, 16], [16, 16], [16, 16], [16, 16], [16, 16]]
Time: 40-12:
[[0, 0], [1, 11], [1, 11], [3, 8], [3, 8], [7, 14], [8, 8], [8, 13], [10, 2], [10, 3], [13, 3], [14, 15], [15, 1], [15, 7], [16, 16], [16, 16], [16, 16], [16, 16], [16, 16], [16, 16]]
Time: 40-23:
[[0, 0], [1, 11], [1, 11], [3, 8], [3, 8], [7, 14], [8, 8], [8, 13], [10, 2], [10, 3], [13, 3], [14, 15], [15, 1], [15, 7], [16, 16], [16, 16], [16, 16], [16, 16], [16, 16], [16, 16]]
Time: 41-01:
[[0, 0], [1, 11], [1, 11], [3, 8], [3, 8], [7, 14], [8, 8], [8, 13], [10, 2], [10, 3], [13, 3], [14, 15], [15, 1], [15, 7], [16, 16], [16, 16], [16, 16], [16, 16], [16, 16], [16, 16]]
Time: 41-10:
[[0, 0], [1, 11], [1, 11], [3, 8], [3, 8], [7, 14], [8, 8], [8, 13], [10, 2], [10, 3], [13, 3], [14, 15], [15, 4], [15, 7], [16, 16], [16, 16], [16, 16], [16, 16], [16, 16], [16, 16]]
Time: 41-12:
[[0, 0], [1, 10], [1, 11], [3, 8], [3, 10], [7, 14], [8, 8], [8, 13], [10, 2], [10, 3], [13, 3], [14, 15], [15, 1], [15, 7], [16, 16], [16, 16], [16, 16], [16, 16], [16, 16], [16, 16]]
Time: 41-20:
[[0, 4], [0, 7], [2, 12], [3, 2], [3, 10], [4, 0], [4, 4], [5, 15], [5, 15], [6, 8], [8, 2], [9, 12], [11, 4], [11, 6], [11, 8], [12, 2], [12, 15], [14, 1], [14, 8], [15, 9]]
Time: 41-59:
[[0, 0], [1, 11], [1, 0], [3, 8], [3, 8], [7, 8], [8, 8], [8, 13], [10, 2], [10, 12], [13, 3], [14, 15], [15, 1], [15, 7], [16, 16], [16, 16], [16, 16], [16, 16], [16, 16], [16, 16]]
Time: 42-09:
[[1, 3], [1, 13], [2, 12], [7, 11], [7, 11], [7, 11], [7, 13], [8, 3], [10, 12], [12, 12], [13, 6], [14, 2], [16, 16], [16, 16], [16, 16], [16, 16], [16, 7], [16, 16], [16, 16], [16, 16]]
Time: 42-49:
[[2, 12], [4, 12], [3, 0], [7, 9], [7, 4], [7, 8], [8, 8], [8, 6], [9, 15], [11, 15], [12, 12], [13, 10], [13, 14], [13, 14], [14, 5], [15, 9], [16, 16], [16, 16], [16, 16], [16, 16]]
Time: 43-01:
[[0, 0], [1, 11], [3, 11], [3, 8], [3, 8], [7, 14], [8, 8], [8, 13], [10, 15], [10, 3], [13, 3], [14, 15], [15, 1], [15, 7], [16, 16], [16, 16], [16, 16], [16, 16], [16, 16], [16, 16]]
Time: 43-30:
[[0, 0], [1, 11], [1, 11], [3, 8], [3, 11], [7, 14], [8, 8], [8, 13], [10, 2], [10, 3], [13, 3], [14, 15], [15, 1], [15, 7], [16, 16], [16, 16], [16, 16], [16, 16], [16, 16], [16, 16]]
Time: 43-51:
[[0, 0], [1, 11], [6, 11], [7, 8], [7, 11], [8, 14], [8, 8], [10, 13], [10, 2], [11, 9], [13, 3], [14, 15], [15, 1], [15, 7], [16, 16], [16, 16], [16, 16], [16, 16], [16, 16], [16, 16]]
Time: 44-09:
[[1, 3], [1, 13], [2, 12], [7, 11], [7, 11], [8, 9], [8, 12], [10, 3], [10, 12], [11, 12], [13, 6], [14, 5], [16, 13], [16, 16], [16, 16], [16, 16], [16, 16], [16, 16], [16, 16], [16, 16]]
Time: 44-40:
[[0, 3], [1, 13], [1, 12], [3, 7], [3, 3], [7, 11], [8, 13], [8, 9], [10, 3], [12, 13], [13, 6], [14, 5], [16, 13], [16, 16], [16, 16], [16, 16], [16, 16], [16, 16], [16, 16], [16, 16]]
Time: 45-12:
[[1, 3], [1, 13], [2, 12], [7, 11], [7, 11], [8, 9], [8, 12], [10, 3], [10, 12], [11, 12], [13, 6], [14, 5], [16, 16], [16, 16], [16, 16], [16, 16], [16, 16], [16, 16], [16, 16], [16, 16]]
Time: 45-53:
[[0, 0], [1, 11], [1, 11], [3, 8], [3, 9], [7, 14], [8, 8], [8, 13], [10, 2], [10, 3], [13, 3], [14, 15], [15, 1], [15, 7], [16, 16], [16, 16], [16, 16], [16, 16], [16, 16], [16, 16]]
