Time: 02-34:
[[1], [48], [35], [61], [79], [94], [121], [121], [179], [140], [180], [182], [179], [182], [182], [215], [317], [430], [512], [512], [512], [512], [512], [512], [512], [512], [512], [512], [512], [512], [512], [512], [512], [512], [512], [512], [512], [512], [512], [512], [512], [512], [512], [512], [512], [512], [512], [512], [512], [512], [512], [512], [512], [512], [512], [512], [512], [512], [512], [512], [512], [512], [512], [512], [512], [512], [512], [512], [512], [512], [512], [512], [512], [512], [512], [512], [512], [512], [512], [512], [512], [512], [512], [512], [512], [512], [512], [512], [512], [512], [512], [512], [512], [512], [512], [512], [512], [512], [512], [512], [512], [512], [512], [512], [512], [512], [512], [512], [512], [512], [512], [512], [512], [512], [512], [512], [512], [512], [512], [512], [512], [512], [512], [512], [512]]
Time: 04-59:
[[14], [14], [94], [108], [125], [106], [179], [182], [172], [226], [300], [295], [338], [338], [433], [486], [444], [512], [512], [512], [512], [512], [512], [512], [512], [512], [512], [512], [512], [512], [512], [512], [512], [512], [512], [512], [512], [512], [512], [512], [512], [512], [512], [512], [512], [512], [512], [512], [512], [512], [512], [512], [512], [512], [512], [512], [512], [512], [512], [512], [512], [512], [512], [512], [512], [512], [512], [512], [512], [512], [512], [512], [512], [512], [512], [512], [512], [512], [512], [512], [512], [512], [512], [512], [512], [512], [512], [512], [512], [512], [512], [512], [512], [512], [512], [512], [512], [512], [512], [512], [512], [512], [512], [512], [512], [512], [512], [512], [512], [512], [512], [512], [512], [512], [512], [512], [512], [512], [512], [512], [512], [512], [512], [512], [512]]
Time: 07-26:
[[34], [99], [106], [283], [283], [337], [283], [384], [337], [422], [408], [504], [189], [433], [512], [512], [512], [512], [512], [512], [512], [512], [512], [512], [512], [512], [512], [512], [512], [512], [512], [512], [512], [512], [512], [512], [512], [512], [512], [512], [512], [512], [512], [512], [512], [512], [512], [512], [512], [512], [512], [512], [512], [512], [512], [512], [512], [512], [512], [512], [512], [512], [512], [512], [512], [512], [512], [512], [512], [512], [512], [512], [512], [512], [512], [512], [512], [512], [512], [512], [512], [512], [512], [512], [512], [512], [512], [512], [512], [512], [512], [512], [512], [512], [512], [512], [512], [512], [512], [512], [512], [512], [512], [512], [512], [512], [512], [512], [512], [512], [512], [512], [512], [512], [512], [512], [512], [512], [512], [512], [512], [512], [512], [512], [512]]
Time: 09-55:
[[14], [90], [106], [114], [158], [136], [346], [422], [413], [504], [422], [504], [504], [512], [512], [512], [512], [512], [512], [512], [512], [512], [512], [512], [512], [512], [512], [512], [512], [512], [512], [512], [512], [512], [512], [512], [512], [512], [512], [512], [512], [512], [512], [512], [512], [512], [512], [512], [512], [512], [512], [512], [512], [512], [512], [512], [512], [512], [512], [512], [512], [512], [512], [512], [512], [512], [512], [512], [512], [512], [512], [512], [512], [512], [512], [512], [512], [512], [512], [512], [512], [512], [512], [512], [512], [512], [512], [512], [512], [512], [512], [512], [512], [512], [512], [512], [512], [512], [512], [512], [512], [512], [512], [512], [512], [512], [512], [512], [512], [512], [512], [512], [512], [512], [512], [512], [512], [512], [512], [512], [512], [512], [512], [512], [512]]
Time: 12-44:
[[13], [5], [46], [60], [62], [62], [121], [111], [140], [140], [165], [203], [215], [217], [215], [252], [285], [252], [504], [512], [459], [512], [512], [512], [512], [512], [512], [512], [512], [512], [512], [512], [512], [512], [512], [512], [512], [512], [512], [512], [512], [512], [512], [512], [512], [512], [512], [512], [512], [512], [512], [512], [512], [512], [512], [512], [512], [512], [512], [512], [512], [512], [512], [512], [512], [512], [512], [512], [512], [512], [512], [512], [512], [512], [512], [512], [512], [512], [512], [512], [512], [512], [512], [512], [512], [512], [512], [512], [512], [512], [512], [512], [512], [512], [512], [512], [512], [512], [512], [512], [512], [512], [512], [512], [512], [512], [512], [512], [512], [512], [512], [512], [512], [512], [512], [512], [512], [512], [512], [512], [512], [512], [512], [512], [512]]
Time: 15-41:
[[58], [34], [61], [75], [72], [111], [125], [121], [143], [165], [165], [239], [203], [242], [252], [252], [504], [504], [504], [512], [512], [512], [512], [512], [512], [512], [512], [512], [512], [512], [512], [512], [512], [512], [512], [512], [512], [512], [512], [512], [512], [512], [512], [512], [512], [512], [512], [512], [512], [512], [512], [512], [512], [512], [512], [512], [512], [512], [512], [512], [512], [512], [512], [512], [512], [512], [512], [512], [512], [512], [512], [512], [512], [512], [512], [512], [512], [512], [512], [512], [512], [512], [512], [512], [512], [512], [512], [512], [512], [512], [512], [512], [512], [512], [512], [512], [512], [512], [512], [512], [512], [512], [512], [512], [512], [512], [512], [512], [512], [512], [512], [512], [512], [512], [512], [512], [512], [512], [512], [512], [512], [512], [512], [512], [512]]
Time: 17-59:
[[1], [25], [33], [60], [54], [79], [78], [61], [72], [91], [78], [147], [165], [182], [179], [210], [267], [252], [267], [297], [386], [386], [386], [512], [512], [512], [512], [512], [512], [512], [512], [512], [512], [512], [512], [512], [512], [512], [512], [512], [512], [512], [512], [512], [512], [512], [512], [512], [512], [512], [512], [512], [512], [512], [512], [512], [512], [512], [512], [512], [512], [512], [512], [512], [512], [512], [512], [512], [512], [512], [512], [512], [512], [512], [512], [512], [512], [512], [512], [512], [512], [512], [512], [512], [512], [512], [512], [512], [512], [512], [512], [512], [512], [512], [512], [512], [512], [512], [512], [512], [512], [512], [512], [512], [512], [512], [512], [512], [512], [512], [512], [512], [512], [512], [512], [512], [512], [512], [512], [512], [512], [512], [512], [512], [512]]
Time: 20-06:
[[3], [90], [90], [283], [248], [266], [283], [346], [337], [384], [459], [422], [459], [512], [512], [512], [512], [512], [512], [512], [512], [512], [512], [512], [512], [512], [512], [512], [512], [512], [512], [512], [512], [512], [512], [512], [512], [512], [512], [512], [512], [512], [512], [512], [512], [512], [512], [512], [512], [512], [512], [512], [512], [512], [512], [512], [512], [512], [512], [512], [512], [512], [512], [512], [512], [512], [512], [512], [512], [512], [512], [512], [512], [512], [512], [512], [512], [512], [512], [512], [512], [512], [512], [512], [512], [512], [512], [512], [512], [512], [512], [512], [512], [512], [512], [512], [512], [512], [512], [512], [512], [512], [512], [512], [512], [512], [512], [512], [512], [512], [512], [512], [512], [512], [512], [512], [512], [512], [512], [512], [512], [512], [512], [512], [512]]
Time: 23-07:
[[3], [283], [237], [283], [283], [283], [337], [393], [393], [422], [504], [504], [512], [512], [512], [512], [512], [512], [512], [512], [512], [512], [512], [512], [512], [512], [512], [512], [512], [512], [512], [512], [512], [512], [512], [512], [512], [512], [512], [512], [512], [512], [512], [512], [512], [512], [512], [512], [512], [512], [512], [512], [512], [512], [512], [512], [512], [512], [512], [512], [512], [512], [512], [512], [512], [512], [512], [512], [512], [512], [512], [512], [512], [512], [512], [512], [512], [512], [512], [512], [512], [512], [512], [512], [512], [512], [512], [512], [512], [512], [512], [512], [512], [512], [512], [512], [512], [512], [512], [512], [512], [512], [512], [512], [512], [512], [512], [512], [512], [512], [512], [512], [512], [512], [512], [512], [512], [512], [512], [512], [512], [512], [512], [512], [512]]
Time: 26-32:
[[90], [132], [133], [129], [346], [266], [504], [504], [504], [504], [504], [504], [512], [512], [512], [512], [512], [512], [512], [512], [512], [512], [512], [512], [512], [512], [512], [512], [512], [512], [512], [512], [512], [512], [512], [512], [512], [512], [512], [512], [512], [512], [512], [512], [512], [512], [512], [512], [512], [512], [512], [512], [512], [512], [512], [512], [512], [512], [512], [512], [512], [512], [512], [512], [512], [512], [512], [512], [512], [512], [512], [512], [512], [512], [512], [512], [512], [512], [512], [512], [512], [512], [512], [512], [512], [512], [512], [512], [512], [512], [512], [512], [512], [512], [512], [512], [512], [512], [512], [512], [512], [512], [512], [512], [512], [512], [512], [512], [512], [512], [512], [512], [512], [512], [512], [512], [512], [512], [512], [512], [512], [512], [512], [512], [512]]
Time: 29-21:
[[3], [9], [127], [252], [191], [266], [266], [266], [300], [346], [316], [410], [338], [340], [424], [512], [512], [512], [512], [512], [512], [512], [512], [512], [512], [512], [512], [512], [512], [512], [512], [512], [512], [512], [512], [512], [512], [512], [512], [512], [512], [512], [512], [512], [512], [512], [512], [512], [512], [512], [512], [512], [512], [512], [512], [512], [512], [512], [512], [512], [512], [512], [512], [512], [512], [512], [512], [512], [512], [512], [512], [512], [512], [512], [512], [512], [512], [512], [512], [512], [512], [512], [512], [512], [512], [512], [512], [512], [512], [512], [512], [512], [512], [512], [512], [512], [512], [512], [512], [512], [512], [512], [512], [512], [512], [512], [512], [512], [512], [512], [512], [512], [512], [512], [512], [512], [512], [512], [512], [512], [512], [512], [512], [512], [512]]
Time: 31-59:
[[0], [14], [14], [14], [94], [94], [121], [142], [140], [149], [182], [182], [182], [182], [267], [276], [313], [267], [380], [369], [444], [444], [472], [512], [512], [512], [512], [512], [512], [512], [512], [512], [512], [512], [512], [512], [512], [512], [512], [512], [512], [512], [512], [512], [512], [512], [512], [512], [512], [512], [512], [512], [512], [512], [512], [512], [512], [512], [512], [512], [512], [512], [512], [512], [512], [512], [512], [512], [512], [512], [512], [512], [512], [512], [512], [512], [512], [512], [512], [512], [512], [512], [512], [512], [512], [512], [512], [512], [512], [512], [512], [512], [512], [512], [512], [512], [512], [512], [512], [512], [512], [512], [512], [512], [512], [512], [512], [512], [512], [512], [512], [512], [512], [512], [512], [512], [512], [512], [512], [512], [512], [512], [512], [512], [512]]
Time: 34-09:
[[0], [79], [132], [133], [137], [133], [378], [422], [413], [261], [504], [504], [504], [512], [512], [512], [512], [512], [504], [512], [512], [512], [512], [512], [512], [512], [512], [512], [512], [512], [512], [512], [512], [512], [512], [512], [512], [512], [512], [512], [512], [512], [512], [512], [512], [512], [512], [512], [512], [512], [512], [512], [512], [512], [512], [512], [512], [512], [512], [512], [512], [512], [512], [512], [512], [512], [512], [512], [512], [512], [512], [512], [512], [512], [512], [512], [512], [512], [512], [512], [512], [512], [512], [512], [512], [512], [512], [512], [512], [512], [512], [512], [512], [512], [512], [512], [512], [512], [512], [512], [512], [512], [512], [512], [512], [512], [512], [512], [512], [512], [512], [512], [512], [512], [512], [512], [512], [512], [512], [512], [512], [512], [512], [512], [512]]
Time: 36-51:
[[0], [49], [82], [82], [82], [145], [145], [313], [313], [313], [338], [403], [424], [403], [512], [512], [512], [512], [512], [512], [512], [512], [512], [512], [512], [512], [512], [512], [512], [512], [512], [512], [512], [512], [512], [512], [512], [512], [512], [512], [512], [512], [512], [512], [512], [512], [512], [512], [512], [512], [512], [512], [512], [512], [512], [512], [512], [512], [512], [512], [512], [512], [512], [512], [512], [512], [512], [512], [352], [512], [512], [512], [512], [512], [512], [512], [512], [512], [512], [512], [512], [512], [512], [512], [512], [512], [512], [512], [512], [512], [512], [512], [512], [512], [512], [512], [512], [512], [512], [512], [512], [512], [512], [512], [512], [512], [512], [512], [512], [512], [512], [512], [512], [433], [512], [512], [512], [512], [512], [512], [512], [512], [512], [512], [512]]
Time: 39-32:
[[14], [14], [14], [33], [33], [72], [61], [72], [165], [94], [94], [165], [165], [165], [179], [252], [317], [285], [504], [512], [512], [512], [512], [512], [512], [512], [512], [512], [512], [512], [512], [512], [512], [512], [512], [512], [512], [512], [512], [512], [512], [512], [512], [512], [512], [512], [512], [512], [512], [512], [512], [512], [512], [512], [512], [512], [512], [512], [512], [512], [512], [512], [512], [512], [512], [512], [512], [512], [512], [512], [512], [512], [512], [512], [512], [512], [512], [512], [512], [512], [512], [512], [512], [512], [512], [512], [512], [512], [512], [512], [512], [512], [512], [512], [512], [512], [512], [512], [512], [512], [512], [512], [512], [512], [512], [512], [512], [512], [512], [512], [512], [512], [512], [512], [512], [512], [512], [512], [512], [512], [512], [512], [512], [512], [512]]
Time: 42-02:
[[14], [14], [108], [98], [98], [113], [175], [228], [147], [313], [341], [315], [285], [408], [444], [512], [512], [512], [512], [512], [512], [512], [512], [512], [512], [512], [512], [512], [512], [512], [512], [512], [512], [512], [512], [512], [512], [512], [512], [512], [512], [512], [512], [512], [512], [512], [512], [512], [512], [512], [512], [512], [512], [512], [512], [512], [512], [512], [512], [512], [512], [512], [512], [512], [512], [512], [512], [512], [512], [512], [512], [512], [512], [512], [512], [512], [512], [512], [512], [512], [512], [512], [512], [512], [512], [512], [512], [512], [512], [512], [512], [512], [512], [512], [512], [512], [512], [512], [512], [512], [512], [512], [512], [512], [512], [512], [512], [512], [512], [512], [512], [512], [512], [512], [512], [512], [512], [512], [512], [512], [512], [512], [512], [512], [512]]
Time: 44-45:
[[0], [22], [34], [45], [48], [74], [84], [110], [140], [140], [179], [182], [182], [252], [252], [252], [504], [504], [504], [504], [504], [512], [512], [512], [512], [512], [512], [512], [512], [512], [512], [512], [512], [512], [512], [512], [512], [512], [512], [512], [512], [512], [512], [512], [512], [512], [512], [512], [512], [512], [512], [512], [512], [512], [512], [512], [512], [512], [512], [512], [512], [512], [512], [512], [512], [512], [512], [512], [512], [512], [512], [512], [512], [512], [512], [512], [512], [512], [512], [512], [512], [512], [512], [512], [512], [512], [512], [512], [512], [512], [512], [512], [512], [512], [512], [512], [512], [512], [512], [512], [512], [512], [512], [512], [512], [512], [512], [512], [512], [512], [512], [512], [512], [512], [512], [512], [512], [512], [512], [512], [512], [512], [512], [512], [512]]
Time: 46-54:
[[60], [79], [132], [283], [250], [266], [266], [422], [337], [422], [478], [452], [512], [512], [512], [512], [512], [512], [512], [512], [512], [512], [512], [512], [512], [512], [512], [512], [512], [512], [512], [512], [512], [512], [512], [512], [512], [512], [512], [512], [512], [512], [512], [512], [512], [512], [512], [512], [512], [512], [512], [512], [512], [512], [512], [512], [512], [512], [512], [512], [512], [512], [512], [512], [512], [512], [512], [512], [512], [512], [512], [512], [512], [512], [512], [512], [512], [512], [512], [512], [512], [512], [512], [512], [512], [512], [512], [512], [512], [512], [512], [512], [512], [512], [512], [512], [512], [512], [512], [512], [512], [512], [512], [512], [512], [512], [512], [512], [512], [512], [512], [512], [512], [512], [512], [512], [512], [512], [512], [512], [512], [512], [512], [512], [512]]
Time: 49-31:
[[0], [74], [98], [108], [108], [110], [121], [149], [175], [165], [239], [189], [316], [316], [380], [436], [431], [504], [504], [504], [512], [512], [512], [512], [512], [512], [512], [512], [512], [512], [512], [512], [512], [512], [512], [512], [512], [512], [512], [512], [512], [512], [512], [512], [512], [512], [512], [512], [512], [512], [512], [512], [512], [512], [512], [512], [512], [512], [512], [512], [512], [512], [512], [512], [512], [512], [512], [512], [512], [512], [512], [512], [512], [512], [512], [512], [512], [512], [512], [512], [512], [512], [512], [512], [512], [512], [512], [512], [512], [512], [512], [512], [512], [512], [512], [512], [512], [512], [512], [512], [512], [512], [512], [512], [512], [512], [512], [512], [512], [512], [512], [512], [512], [512], [512], [512], [512], [512], [512], [512], [512], [512], [512], [512], [512]]
Time: 51-57:
[[0], [0], [11], [9], [11], [17], [11], [29], [11], [49], [11], [11], [11], [30], [41], [41], [30], [30], [50], [41], [44], [50], [82], [50], [78], [79], [54], [78], [65], [80], [79], [78], [82], [82], [89], [98], [98], [108], [125], [108], [108], [98], [116], [108], [124], [108], [124], [127], [108], [132], [124], [128], [150], [164], [164], [132], [164], [182], [190], [190], [190], [164], [153], [161], [203], [203], [223], [223], [164], [190], [243], [181], [280], [243], [229], [243], [243], [203], [228], [243], [243], [223], [265], [243], [280], [229], [265], [337], [243], [280], [337], [243], [243], [295], [297], [280], [280], [337], [337], [388], [337], [369], [369], [337], [369], [436], [431], [295], [280], [280], [369], [369], [431], [431], [436], [436], [409], [431], [478], [431], [369], [431], [431], [512], [510]]
Time: 53-30:
[[0], [8], [8], [14], [28], [28], [33], [41], [37], [37], [37], [28], [41], [37], [37], [41], [41], [72], [78], [79], [77], [89], [78], [99], [87], [66], [126], [167], [114], [114], [106], [168], [154], [121], [142], [154], [180], [166], [152], [190], [154], [166], [206], [152], [221], [206], [197], [230], [217], [257], [512], [261], [252], [254], [254], [339], [265], [316], [261], [265], [512], [203], [366], [265], [512], [280], [512], [316], [512], [316], [512], [512], [512], [454], [454], [512], [512], [512], [264], [512], [512], [512], [512], [459], [512], [512], [512], [512], [512], [512], [512], [512], [512], [512], [512], [512], [512], [512], [512], [512], [512], [512], [512], [512], [512], [512], [512], [512], [512], [512], [512], [512], [512], [512], [512], [512], [512], [512], [512], [512], [512], [512], [512], [512], [512]]
Time: 55-22:
[[0], [12], [14], [49], [97], [82], [89], [86], [82], [117], [134], [134], [186], [198], [233], [264], [265], [331], [313], [313], [444], [452], [503], [472], [431], [512], [512], [512], [512], [512], [512], [512], [512], [512], [512], [512], [512], [512], [512], [512], [512], [512], [512], [512], [512], [512], [512], [512], [512], [512], [512], [512], [512], [512], [512], [512], [512], [512], [512], [512], [512], [512], [512], [512], [512], [512], [512], [512], [512], [512], [512], [512], [512], [512], [512], [512], [512], [512], [512], [512], [512], [512], [512], [512], [512], [512], [512], [512], [512], [512], [512], [512], [512], [512], [512], [512], [512], [512], [512], [512], [512], [512], [512], [512], [512], [512], [512], [512], [512], [512], [512], [512], [512], [512], [512], [512], [512], [512], [512], [512], [512], [512], [512], [512], [512]]
Time: 57-48:
[[50], [50], [90], [83], [191], [159], [266], [287], [413], [410], [380], [413], [512], [512], [512], [512], [512], [512], [512], [512], [512], [512], [512], [512], [512], [512], [512], [512], [512], [512], [512], [512], [512], [512], [512], [512], [512], [512], [512], [512], [512], [512], [512], [512], [512], [512], [512], [512], [512], [512], [512], [512], [512], [512], [512], [512], [512], [512], [512], [512], [512], [512], [512], [512], [512], [512], [512], [512], [512], [512], [512], [512], [512], [512], [512], [512], [512], [512], [512], [512], [512], [512], [512], [512], [512], [512], [512], [512], [512], [512], [512], [512], [512], [512], [512], [512], [512], [512], [512], [512], [512], [512], [512], [512], [512], [512], [512], [512], [512], [512], [512], [512], [512], [512], [512], [512], [512], [512], [512], [512], [512], [512], [512], [512], [512]]
